date,data,cols
2020-11-01,-6.2225,channel_1
2020-11-02,-6.355,channel_1
2020-11-03,-6.4875,channel_1
2020-11-04,-6.62,channel_1
2020-11-05,-6.726666666666667,channel_1
2020-11-06,-6.833333333333334,channel_1
2020-11-07,-6.94,channel_1
2020-11-08,-6.8875,channel_1
2020-11-09,-6.835000000000001,channel_1
2020-11-10,-6.782500000000001,channel_1
2020-11-11,-6.73,channel_1
2020-11-12,-6.613333333333333,channel_1
2020-11-13,-6.496666666666667,channel_1
2020-11-14,-6.38,channel_1
2020-11-15,-6.085,channel_1
2020-11-16,-5.79,channel_1
2020-11-17,-5.495,channel_1
2020-11-18,-5.2,channel_1
2020-11-19,-4.93,channel_1
2020-11-20,-4.66,channel_1
2020-11-21,-4.39,channel_1
2020-11-22,-4.369999999999999,channel_1
2020-11-23,-4.35,channel_1
2020-11-24,-4.33,channel_1
2020-11-25,-4.31,channel_1
2020-11-26,-4.17,channel_1
2020-11-27,-4.03,channel_1
2020-11-28,-3.89,channel_1
2020-11-29,-3.625,channel_1
2020-11-30,-3.36,channel_1
2020-12-01,-3.095,channel_1
2020-12-02,-2.83,channel_1
2020-12-03,-2.793333333333333,channel_1
2020-12-04,-2.756666666666667,channel_1
2020-12-05,-2.72,channel_1
2020-12-06,-2.5775,channel_1
2020-12-07,-2.435,channel_1
2020-12-08,-2.2925,channel_1
2020-12-09,-2.15,channel_1
2020-12-10,-2.09,channel_1
2020-12-11,-2.03,channel_1
2020-12-12,-1.97,channel_1
2020-12-13,-2.01,channel_1
2020-12-14,-2.05,channel_1
2020-12-15,-2.09,channel_1
2020-12-16,-2.13,channel_1
2020-12-17,-1.976666666666667,channel_1
2020-12-18,-1.823333333333333,channel_1
2020-12-19,-1.67,channel_1
2020-12-20,-2.0,channel_1
2020-12-21,-2.33,channel_1
2020-12-22,-2.66,channel_1
2020-12-23,-2.99,channel_1
2020-12-24,-3.303333333333334,channel_1
2020-12-25,-3.616666666666667,channel_1
2020-12-26,-3.93,channel_1
2020-12-27,-3.9975,channel_1
2020-12-28,-4.065,channel_1
2020-12-29,-4.1325,channel_1
2020-12-30,-4.2,channel_1
2020-12-31,-4.58,channel_1
2021-01-01,-4.96,channel_1
2021-01-02,-5.34,channel_1
2021-01-03,-5.720000000000001,channel_1
2021-01-04,-6.1,channel_1
2021-01-05,-6.48,channel_1
2021-01-06,-6.86,channel_1
2021-01-07,-7.286666666666667,channel_1
2021-01-08,-7.713333333333334,channel_1
2021-01-09,-8.14,channel_1
2021-01-10,-8.39,channel_1
2021-01-11,-8.64,channel_1
2021-01-12,-8.89,channel_1
2021-01-13,-9.14,channel_1
2021-01-14,-9.57,channel_1
2021-01-15,-10.0,channel_1
2021-01-16,-10.43,channel_1
2021-01-17,-10.4875,channel_1
2021-01-18,-10.545,channel_1
2021-01-19,-10.6025,channel_1
2021-01-20,-10.66,channel_1
2021-01-21,-10.79666666666667,channel_1
2021-01-22,-10.93333333333333,channel_1
2021-01-23,-11.07,channel_1
2021-01-24,-11.5275,channel_1
2021-01-25,-11.985,channel_1
2021-01-26,-12.4425,channel_1
2021-01-27,-12.9,channel_1
2021-01-28,-13.13666666666667,channel_1
2021-01-29,-13.37333333333333,channel_1
2021-01-30,-13.61,channel_1
2021-01-31,-13.9625,channel_1
2021-02-01,-14.315,channel_1
2021-02-02,-14.6675,channel_1
2021-02-03,-15.02,channel_1
2021-02-04,-15.08666666666667,channel_1
2021-02-05,-15.15333333333333,channel_1
2021-02-06,-15.22,channel_1
2021-02-07,-15.40785714285714,channel_1
2021-02-08,-15.59571428571429,channel_1
2021-02-09,-15.78357142857143,channel_1
2021-02-10,-15.97142857142857,channel_1
2021-02-11,-16.15928571428572,channel_1
2021-02-12,-16.34714285714286,channel_1
2021-02-13,-16.535,channel_1
2021-02-14,-16.72285714285714,channel_1
2021-02-15,-16.91071428571429,channel_1
2021-02-16,-17.09857142857143,channel_1
2021-02-17,-17.28642857142857,channel_1
2021-02-18,-17.47428571428572,channel_1
2021-02-19,-17.66214285714286,channel_1
2021-02-20,-17.85,channel_1
2021-02-21,-17.86428571428571,channel_1
2021-02-22,-17.87857142857143,channel_1
2021-02-23,-17.89285714285714,channel_1
2021-02-24,-17.90714285714286,channel_1
2021-02-25,-17.92142857142857,channel_1
2021-02-26,-17.93571428571429,channel_1
2021-02-27,-17.95,channel_1
2021-02-28,-17.91285714285714,channel_1
2021-03-01,-17.87571428571428,channel_1
2021-03-02,-17.83857142857143,channel_1
2021-03-03,-17.80142857142857,channel_1
2021-03-04,-17.76428571428572,channel_1
2021-03-05,-17.72714285714286,channel_1
2021-03-06,-17.69,channel_1
2021-03-07,-17.74571428571429,channel_1
2021-03-08,-17.80142857142857,channel_1
2021-03-09,-17.85714285714286,channel_1
2021-03-10,-17.91285714285714,channel_1
2021-03-11,-17.96857142857143,channel_1
2021-03-12,-18.02428571428571,channel_1
2021-03-13,-18.08,channel_1
2021-03-14,-18.13,channel_1
2021-03-15,-18.18,channel_1
2021-03-16,-18.23,channel_1
2021-03-17,-18.28,channel_1
2021-03-18,-18.29333333333333,channel_1
2021-03-19,-18.30666666666667,channel_1
2021-03-20,-18.32,channel_1
2021-03-21,-18.3675,channel_1
2021-03-22,-18.415,channel_1
2021-03-23,-18.4625,channel_1
2021-03-24,-18.51,channel_1
2021-03-25,-18.86333333333333,channel_1
2021-03-26,-19.21666666666667,channel_1
2021-03-27,-19.57,channel_1
2021-03-28,-19.5725,channel_1
2021-03-29,-19.575,channel_1
2021-03-30,-19.5775,channel_1
2021-03-31,-19.58,channel_1
2021-04-01,-19.69,channel_1
2021-04-02,-19.8,channel_1
2021-04-03,-19.91,channel_1
2021-04-04,-19.9475,channel_1
2021-04-05,-19.985,channel_1
2021-04-06,-20.0225,channel_1
2021-04-07,-20.06,channel_1
2021-04-08,-20.01666666666667,channel_1
2021-04-09,-19.97333333333333,channel_1
2021-04-10,-19.93,channel_1
2021-04-11,-20.1825,channel_1
2021-04-12,-20.435,channel_1
2021-04-13,-20.6875,channel_1
2021-04-14,-20.94,channel_1
2021-04-15,-20.98,channel_1
2021-04-16,-21.02,channel_1
2021-04-17,-21.06,channel_1
2021-04-18,-21.475,channel_1
2021-04-19,-21.89,channel_1
2021-04-20,-22.305,channel_1
2021-04-21,-22.72,channel_1
2021-04-22,-22.52,channel_1
2021-04-23,-22.32,channel_1
2021-04-24,-22.12,channel_1
2021-04-25,-22.175,channel_1
2021-04-26,-22.23,channel_1
2021-04-27,-22.285,channel_1
2021-04-28,-22.34,channel_1
2021-04-29,-22.27666666666667,channel_1
2021-04-30,-22.21333333333333,channel_1
2021-05-01,-22.15,channel_1
2021-05-02,-22.16285714285714,channel_1
2021-05-03,-22.17571428571429,channel_1
2021-05-04,-22.18857142857143,channel_1
2021-05-05,-22.20142857142857,channel_1
2021-05-06,-22.21428571428571,channel_1
2021-05-07,-22.22714285714286,channel_1
2021-05-08,-22.24,channel_1
2021-05-09,-22.3,channel_1
2021-05-10,-22.36,channel_1
2021-05-11,-22.42,channel_1
2021-05-12,-22.48,channel_1
2021-05-13,-22.30666666666667,channel_1
2021-05-14,-22.13333333333333,channel_1
2021-05-15,-21.96,channel_1
2021-05-16,-22.175,channel_1
2021-05-17,-22.39,channel_1
2021-05-18,-22.605,channel_1
2021-05-19,-22.82,channel_1
2021-05-20,-22.72,channel_1
2021-05-21,-22.62,channel_1
2021-05-22,-22.52,channel_1
2021-05-23,-22.6125,channel_1
2021-05-24,-22.705,channel_1
2021-05-25,-22.7975,channel_1
2021-05-26,-22.89,channel_1
2021-05-27,-22.89666666666667,channel_1
2021-05-28,-22.90333333333333,channel_1
2021-05-29,-22.91,channel_1
2021-05-30,-23.19,channel_1
2021-05-31,-23.47,channel_1
2021-06-01,-23.75,channel_1
2021-06-02,-24.03,channel_1
2021-06-03,-23.73666666666667,channel_1
2021-06-04,-23.44333333333333,channel_1
2021-06-05,-23.15,channel_1
2021-06-06,-23.2475,channel_1
2021-06-07,-23.345,channel_1
2021-06-08,-23.4425,channel_1
2021-06-09,-23.54,channel_1
2021-06-10,-23.83333333333333,channel_1
2021-06-11,-24.12666666666667,channel_1
2021-06-12,-24.42,channel_1
2021-06-13,-24.37,channel_1
2021-06-14,-24.32,channel_1
2021-06-15,-24.27,channel_1
2021-06-16,-24.22,channel_1
2021-06-17,-24.25,channel_1
2021-06-18,-24.28,channel_1
2021-06-19,-24.31,channel_1
2021-06-20,-24.3875,channel_1
2021-06-21,-24.465,channel_1
2021-06-22,-24.5425,channel_1
2021-06-23,-24.62,channel_1
2021-06-24,-24.72,channel_1
2021-06-25,-24.82,channel_1
2021-06-26,-24.92,channel_1
2021-06-27,-24.89545454545455,channel_1
2021-06-28,-24.87090909090909,channel_1
2021-06-29,-24.84636363636364,channel_1
2021-06-30,-24.82181818181818,channel_1
2021-07-01,-24.79727272727273,channel_1
2021-07-02,-24.77272727272727,channel_1
2021-07-03,-24.74818181818182,channel_1
2021-07-04,-24.72363636363636,channel_1
2021-07-05,-24.69909090909091,channel_1
2021-07-06,-24.67454545454545,channel_1
2021-07-07,-24.65,channel_1
2021-07-08,-24.58333333333333,channel_1
2021-07-09,-24.51666666666667,channel_1
2021-07-10,-24.45,channel_1
2021-07-11,-24.5375,channel_1
2021-07-12,-24.625,channel_1
2021-07-13,-24.7125,channel_1
2021-07-14,-24.8,channel_1
2021-07-15,-24.83,channel_1
2021-07-16,-24.86,channel_1
2021-07-17,-24.89,channel_1
2021-07-18,-25.0525,channel_1
2021-07-19,-25.215,channel_1
2021-07-20,-25.3775,channel_1
2021-07-21,-25.54,channel_1
2021-07-22,-25.56666666666667,channel_1
2021-07-23,-25.59333333333333,channel_1
2021-07-24,-25.62,channel_1
2021-07-25,-25.52,channel_1
2021-07-26,-25.42,channel_1
2021-07-27,-25.32,channel_1
2021-07-28,-25.22,channel_1
2021-07-29,-25.31666666666667,channel_1
2021-07-30,-25.41333333333333,channel_1
2021-07-31,-25.51,channel_1
2021-08-01,-25.5,channel_1
2021-08-02,-25.49,channel_1
2021-08-03,-25.48,channel_1
2021-08-04,-25.47,channel_1
2021-08-05,-25.70333333333333,channel_1
2021-08-06,-25.93666666666667,channel_1
2021-08-07,-26.17,channel_1
2021-08-08,-26.13428571428572,channel_1
2021-08-09,-26.09857142857143,channel_1
2021-08-10,-26.06285714285714,channel_1
2021-08-11,-26.02714285714286,channel_1
2021-08-12,-25.99142857142857,channel_1
2021-08-13,-25.95571428571429,channel_1
2021-08-14,-25.92,channel_1
2021-08-15,-25.99,channel_1
2021-08-16,-26.06,channel_1
2021-08-17,-26.13,channel_1
2021-08-18,-26.2,channel_1
2021-08-19,-26.27,channel_1
2021-08-20,-26.34,channel_1
2021-08-21,-26.41,channel_1
2021-08-22,-26.47285714285714,channel_1
2021-08-23,-26.53571428571428,channel_1
2021-08-24,-26.59857142857143,channel_1
2021-08-25,-26.66142857142857,channel_1
2021-08-26,-26.72428571428572,channel_1
2021-08-27,-26.78714285714286,channel_1
2021-08-28,-26.85,channel_1
2021-08-29,-26.83857142857143,channel_1
2021-08-30,-26.82714285714286,channel_1
2021-08-31,-26.81571428571429,channel_1
2021-09-01,-26.80428571428572,channel_1
2021-09-02,-26.79285714285714,channel_1
2021-09-03,-26.78142857142857,channel_1
2021-09-04,-26.77,channel_1
2021-09-05,-26.75857142857143,channel_1
2021-09-06,-26.74714285714286,channel_1
2021-09-07,-26.73571428571429,channel_1
2021-09-08,-26.72428571428572,channel_1
2021-09-09,-26.71285714285714,channel_1
2021-09-10,-26.70142857142857,channel_1
2021-09-11,-26.69,channel_1
2021-09-12,-26.8175,channel_1
2021-09-13,-26.945,channel_1
2021-09-14,-27.0725,channel_1
2021-09-15,-27.2,channel_1
2021-09-16,-27.02333333333333,channel_1
2021-09-17,-26.84666666666667,channel_1
2021-09-18,-26.67,channel_1
2021-09-19,-26.655,channel_1
2021-09-20,-26.64,channel_1
2021-09-21,-26.625,channel_1
2021-09-22,-26.61,channel_1
2021-09-23,-26.81,channel_1
2021-09-24,-27.01,channel_1
2021-09-25,-27.21,channel_1
2021-09-26,-27.04,channel_1
2021-09-27,-26.87,channel_1
2021-09-28,-26.7,channel_1
2021-09-29,-26.53,channel_1
2021-09-30,-26.38333333333333,channel_1
2021-10-01,-26.23666666666667,channel_1
2021-10-02,-26.09,channel_1
2021-10-03,-26.05,channel_1
2021-10-04,-26.01,channel_1
2021-10-05,-25.97,channel_1
2021-10-06,-25.93,channel_1
2021-10-07,-25.89,channel_1
2021-10-08,-25.85,channel_1
2021-10-09,-25.81,channel_1
2021-10-10,-25.5375,channel_1
2021-10-11,-25.265,channel_1
2021-10-12,-24.9925,channel_1
2021-10-13,-24.72,channel_1
2021-10-14,-24.77333333333333,channel_1
2021-10-15,-24.82666666666666,channel_1
2021-10-16,-24.88,channel_1
2021-10-17,-24.6775,channel_1
2021-10-18,-24.475,channel_1
2021-10-19,-24.2725,channel_1
2021-10-20,-24.07,channel_1
2021-10-21,-24.21,channel_1
2021-10-22,-24.35,channel_1
2021-10-23,-24.49,channel_1
2021-10-24,-24.3175,channel_1
2021-10-25,-24.145,channel_1
2021-10-26,-23.9725,channel_1
2021-10-27,-23.8,channel_1
2021-10-28,-23.72,channel_1
2021-10-29,-23.64,channel_1
2021-10-30,-23.56,channel_1
2021-10-31,-23.4725,channel_1
2021-11-01,-23.385,channel_1
2021-11-02,-23.2975,channel_1
2021-11-03,-23.21,channel_1
2021-11-04,-23.08333333333333,channel_1
2021-11-05,-22.95666666666667,channel_1
2021-11-06,-22.83,channel_1
2021-11-07,-23.0075,channel_1
2021-11-08,-23.185,channel_1
2021-11-09,-23.3625,channel_1
2021-11-10,-23.54,channel_1
2021-11-11,-23.28,channel_1
2021-11-12,-23.02,channel_1
2021-11-13,-22.76,channel_1
2021-11-14,-22.835,channel_1
2021-11-15,-22.91,channel_1
2021-11-16,-22.985,channel_1
2021-11-17,-23.06,channel_1
2021-11-18,-23.16333333333333,channel_1
2021-11-19,-23.26666666666667,channel_1
2021-11-20,-23.37,channel_1
2021-11-21,-23.3875,channel_1
2021-11-22,-23.405,channel_1
2021-11-23,-23.4225,channel_1
2021-11-24,-23.44,channel_1
2021-11-25,-23.49666666666667,channel_1
2021-11-26,-23.55333333333333,channel_1
2021-11-27,-23.61,channel_1
2021-11-28,-23.795,channel_1
2021-11-29,-23.98,channel_1
2021-11-30,-24.165,channel_1
2021-12-01,-24.35,channel_1
2021-12-02,-23.98333333333333,channel_1
2021-12-03,-23.61666666666667,channel_1
2021-12-04,-23.25,channel_1
2021-12-05,-23.1425,channel_1
2021-12-06,-23.035,channel_1
2021-12-07,-22.9275,channel_1
2021-12-08,-22.82,channel_1
2021-12-09,-22.88666666666667,channel_1
2021-12-10,-22.95333333333333,channel_1
2021-12-11,-23.02,channel_1
2020-11-01,0.78,channel_2
2020-11-02,-0.74,channel_2
2020-11-03,-0.39,channel_2
2020-11-04,0.24,channel_2
2020-11-05,-2.41,channel_2
2020-11-06,-1.75,channel_2
2020-11-07,-0.26,channel_2
2020-11-08,-0.65,channel_2
2020-11-09,-0.89,channel_2
2020-11-10,-0.14,channel_2
2020-11-11,-0.44,channel_2
2020-11-12,0.12,channel_2
2020-11-13,-0.31,channel_2
2020-11-14,0.84,channel_2
2020-11-15,-0.39,channel_2
2020-11-16,0.42,channel_2
2020-11-17,0.93,channel_2
2020-11-18,-0.18,channel_2
2020-11-19,0.43,channel_2
2020-11-20,0.62,channel_2
2020-11-21,1.61,channel_2
2020-11-22,0.44,channel_2
2020-11-23,1.12,channel_2
2020-11-24,1.48,channel_2
2020-11-25,1.67,channel_2
2020-11-26,2.21,channel_2
2020-11-27,2.095,channel_2
2020-11-28,1.98,channel_2
2020-11-29,1.42,channel_2
2020-11-30,2.01,channel_2
2020-12-01,2.65,channel_2
2020-12-02,3.21,channel_2
2020-12-03,3.8,channel_2
2020-12-04,3.46,channel_2
2020-12-05,3.77,channel_2
2020-12-06,3.42,channel_2
2020-12-07,3.77,channel_2
2020-12-08,4.13,channel_2
2020-12-09,3.66,channel_2
2020-12-10,4.09,channel_2
2020-12-11,4.59,channel_2
2020-12-12,5.43,channel_2
2020-12-13,4.47,channel_2
2020-12-14,3.5,channel_2
2020-12-15,3.21,channel_2
2020-12-16,3.57,channel_2
2020-12-17,4.07,channel_2
2020-12-18,4.5,channel_2
2020-12-19,4.68,channel_2
2020-12-20,5.22,channel_2
2020-12-21,5.49,channel_2
2020-12-22,4.24,channel_2
2020-12-23,3.31,channel_2
2020-12-24,3.07,channel_2
2020-12-25,2.86,channel_2
2020-12-26,2.65,channel_2
2020-12-27,3.76,channel_2
2020-12-28,3.0,channel_2
2020-12-29,2.02,channel_2
2020-12-30,2.31,channel_2
2020-12-31,3.81,channel_2
2021-01-01,3.96,channel_2
2021-01-02,4.05,channel_2
2021-01-03,5.06,channel_2
2021-01-04,5.79,channel_2
2021-01-05,4.74,channel_2
2021-01-06,3.59,channel_2
2021-01-07,3.71,channel_2
2021-01-08,3.2,channel_2
2021-01-09,2.69,channel_2
2021-01-10,2.27,channel_2
2021-01-11,2.81,channel_2
2021-01-12,2.13,channel_2
2021-01-13,1.75,channel_2
2021-01-14,1.57,channel_2
2021-01-15,0.19,channel_2
2021-01-16,-0.22,channel_2
2021-01-17,-0.56,channel_2
2021-01-18,-1.12,channel_2
2021-01-19,-1.47,channel_2
2021-01-20,-1.85,channel_2
2021-01-21,-1.64,channel_2
2021-01-22,0.17,channel_2
2021-01-23,0.26,channel_2
2021-01-24,0.35,channel_2
2021-01-25,-1.3,channel_2
2021-01-26,-1.32,channel_2
2021-01-27,-1.27,channel_2
2021-01-28,-1.24,channel_2
2021-01-29,-1.11,channel_2
2021-01-30,-1.205,channel_2
2021-01-31,-1.3,channel_2
2021-02-01,-1.395,channel_2
2021-02-02,-1.49,channel_2
2021-02-03,-2.07,channel_2
2021-02-04,-2.65,channel_2
2021-02-05,-3.23,channel_2
2021-02-06,-3.275,channel_2
2021-02-07,-3.32,channel_2
2021-02-08,-3.365,channel_2
2021-02-09,-3.41,channel_2
2021-02-10,-3.452857142857143,channel_2
2021-02-11,-3.495714285714286,channel_2
2021-02-12,-3.538571428571429,channel_2
2021-02-13,-3.581428571428571,channel_2
2021-02-14,-3.624285714285714,channel_2
2021-02-15,-3.667142857142857,channel_2
2021-02-16,-3.71,channel_2
2021-02-17,-3.946666666666667,channel_2
2021-02-18,-4.183333333333334,channel_2
2021-02-19,-4.42,channel_2
2021-02-20,-4.59,channel_2
2021-02-21,-4.76,channel_2
2021-02-22,-4.93,channel_2
2021-02-23,-5.1,channel_2
2021-02-24,-4.733333333333333,channel_2
2021-02-25,-4.366666666666666,channel_2
2021-02-26,-4.0,channel_2
2021-02-27,-3.95,channel_2
2021-02-28,-3.9,channel_2
2021-03-01,-3.85,channel_2
2021-03-02,-3.8,channel_2
2021-03-03,-4.16,channel_2
2021-03-04,-4.52,channel_2
2021-03-05,-4.88,channel_2
2021-03-06,-4.87,channel_2
2021-03-07,-4.859999999999999,channel_2
2021-03-08,-4.85,channel_2
2021-03-09,-5.37,channel_2
2021-03-10,-5.1,channel_2
2021-03-11,-5.07,channel_2
2021-03-12,-5.88,channel_2
2021-03-13,-6.26,channel_2
2021-03-14,-6.64,channel_2
2021-03-15,-7.54,channel_2
2021-03-16,-5.87,channel_2
2021-03-17,-5.97,channel_2
2021-03-18,-5.24,channel_2
2021-03-19,-6.0,channel_2
2021-03-20,-5.69,channel_2
2021-03-21,-5.38,channel_2
2021-03-22,-5.07,channel_2
2021-03-23,-4.76,channel_2
2021-03-24,-4.636666666666667,channel_2
2021-03-25,-4.513333333333333,channel_2
2021-03-26,-4.39,channel_2
2021-03-27,-4.43,channel_2
2021-03-28,-4.47,channel_2
2021-03-29,-4.51,channel_2
2021-03-30,-4.55,channel_2
2021-03-31,-4.37,channel_2
2021-04-01,-4.19,channel_2
2021-04-02,-4.01,channel_2
2021-04-03,-3.97,channel_2
2021-04-04,-3.93,channel_2
2021-04-05,-3.89,channel_2
2021-04-06,-3.85,channel_2
2021-04-07,-4.093333333333334,channel_2
2021-04-08,-4.336666666666667,channel_2
2021-04-09,-4.58,channel_2
2021-04-10,-4.695,channel_2
2021-04-11,-4.81,channel_2
2021-04-12,-4.925,channel_2
2021-04-13,-5.04,channel_2
2021-04-14,-5.436666666666667,channel_2
2021-04-15,-5.833333333333334,channel_2
2021-04-16,-6.23,channel_2
2021-04-17,-7.0,channel_2
2021-04-18,-7.77,channel_2
2021-04-19,-9.44,channel_2
2021-04-20,-10.15,channel_2
2021-04-21,-10.66,channel_2
2021-04-22,-9.71,channel_2
2021-04-23,-8.91,channel_2
2021-04-24,-8.49,channel_2
2021-04-25,-7.26,channel_2
2021-04-26,-7.15,channel_2
2021-04-27,-6.69,channel_2
2021-04-28,-6.43,channel_2
2021-04-29,-6.574999999999999,channel_2
2021-04-30,-6.72,channel_2
2021-05-01,-6.6675,channel_2
2021-05-02,-6.615,channel_2
2021-05-03,-6.5625,channel_2
2021-05-04,-6.51,channel_2
2021-05-05,-6.359999999999999,channel_2
2021-05-06,-6.21,channel_2
2021-05-07,-6.06,channel_2
2021-05-08,-5.8275,channel_2
2021-05-09,-5.595,channel_2
2021-05-10,-5.3625,channel_2
2021-05-11,-5.13,channel_2
2021-05-12,-5.258571428571429,channel_2
2021-05-13,-5.387142857142857,channel_2
2021-05-14,-5.515714285714286,channel_2
2021-05-15,-5.644285714285714,channel_2
2021-05-16,-5.772857142857143,channel_2
2021-05-17,-5.901428571428571,channel_2
2021-05-18,-6.03,channel_2
2021-05-19,-6.22,channel_2
2021-05-20,-6.41,channel_2
2021-05-21,-6.6,channel_2
2021-05-22,-6.77,channel_2
2021-05-23,-6.94,channel_2
2021-05-24,-6.31,channel_2
2021-05-25,-6.18,channel_2
2021-05-26,-5.57,channel_2
2021-05-27,-6.42,channel_2
2021-05-28,-6.72,channel_2
2021-05-29,-6.8925,channel_2
2021-05-30,-7.065,channel_2
2021-05-31,-7.2375,channel_2
2021-06-01,-7.41,channel_2
2021-06-02,-7.556666666666667,channel_2
2021-06-03,-7.703333333333333,channel_2
2021-06-04,-7.85,channel_2
2021-06-05,-7.934165,channel_2
2021-06-06,-8.018329999999999,channel_2
2021-06-07,-8.102495,channel_2
2021-06-08,-8.18666,channel_2
2021-06-09,-8.097773333333333,channel_2
2021-06-10,-8.008886666666667,channel_2
2021-06-11,-7.92,channel_2
2021-06-12,-7.885,channel_2
2021-06-13,-7.85,channel_2
2021-06-14,-7.815,channel_2
2021-06-15,-7.78,channel_2
2021-06-16,-7.713793333333333,channel_2
2021-06-17,-7.647586666666667,channel_2
2021-06-18,-7.58138,channel_2
2021-06-19,-7.641182857142858,channel_2
2021-06-20,-7.700985714285714,channel_2
2021-06-21,-7.760788571428572,channel_2
2021-06-22,-7.820591428571428,channel_2
2021-06-23,-7.880394285714286,channel_2
2021-06-24,-7.940197142857143,channel_2
2021-06-25,-8.0,channel_2
2021-06-26,-7.81,channel_2
2021-06-27,-7.62,channel_2
2021-06-28,-7.43,channel_2
2021-06-29,-7.24,channel_2
2021-06-30,-7.88,channel_2
2021-07-01,-8.64,channel_2
2021-07-02,-9.4,channel_2
2021-07-03,-9.93,channel_2
2021-07-04,-11.18,channel_2
2021-07-05,-11.055,channel_2
2021-07-06,-10.93,channel_2
2021-07-07,-10.48,channel_2
2021-07-08,-11.15,channel_2
2021-07-09,-10.51,channel_2
2021-07-10,-11.21,channel_2
2021-07-11,-11.91,channel_2
2021-07-12,-12.22,channel_2
2021-07-13,-12.53,channel_2
2021-07-14,-13.135,channel_2
2021-07-15,-13.74,channel_2
2021-07-16,-13.26,channel_2
2021-07-17,-12.65,channel_2
2021-07-18,-12.24,channel_2
2021-07-19,-12.385,channel_2
2021-07-20,-12.53,channel_2
2021-07-21,-12.63,channel_2
2021-07-22,-12.73,channel_2
2021-07-23,-12.83,channel_2
2021-07-24,-12.93,channel_2
2021-07-25,-13.03,channel_2
2021-07-26,-13.13,channel_2
2021-07-27,-13.23,channel_2
2021-07-28,-13.33,channel_2
2021-07-29,-13.355,channel_2
2021-07-30,-13.38,channel_2
2021-07-31,-13.565,channel_2
2021-08-01,-13.75,channel_2
2021-08-02,-13.935,channel_2
2021-08-03,-14.12,channel_2
2021-08-04,-14.28666666666667,channel_2
2021-08-05,-14.45333333333333,channel_2
2021-08-06,-14.62,channel_2
2021-08-07,-14.28,channel_2
2021-08-08,-13.94,channel_2
2021-08-09,-13.6,channel_2
2021-08-10,-13.26,channel_2
2021-08-11,-13.31,channel_2
2021-08-12,-13.36,channel_2
2021-08-13,-13.41,channel_2
2021-08-14,-13.44,channel_2
2021-08-15,-13.47,channel_2
2021-08-16,-13.5,channel_2
2021-08-17,-13.53,channel_2
2021-08-18,-13.57,channel_2
2021-08-19,-13.61,channel_2
2021-08-20,-13.65,channel_2
2021-08-21,-13.705,channel_2
2021-08-22,-13.76,channel_2
2021-08-23,-13.815,channel_2
2021-08-24,-13.87,channel_2
2021-08-25,-13.79666666666667,channel_2
2021-08-26,-13.72333333333333,channel_2
2021-08-27,-13.65,channel_2
2021-08-28,-13.64,channel_2
2021-08-29,-13.63,channel_2
2021-08-30,-13.62,channel_2
2021-08-31,-13.61,channel_2
2021-09-01,-13.85333333333333,channel_2
2021-09-02,-14.09666666666667,channel_2
2021-09-03,-14.34,channel_2
2021-09-04,-14.3775,channel_2
2021-09-05,-14.415,channel_2
2021-09-06,-14.4525,channel_2
2021-09-07,-14.49,channel_2
2021-09-08,-14.43333333333333,channel_2
2021-09-09,-14.37666666666667,channel_2
2021-09-10,-14.32,channel_2
2021-09-11,-14.33,channel_2
2021-09-12,-14.34,channel_2
2021-09-13,-14.35,channel_2
2021-09-14,-14.36,channel_2
2021-09-15,-14.37,channel_2
2021-09-16,-14.26666666666667,channel_2
2021-09-17,-14.16333333333333,channel_2
2021-09-18,-14.06,channel_2
2021-09-19,-13.99,channel_2
2021-09-20,-13.92,channel_2
2021-09-21,-13.85,channel_2
2021-09-22,-13.78333333333333,channel_2
2021-09-23,-13.71666666666667,channel_2
2021-09-24,-13.65,channel_2
2021-09-25,-13.785,channel_2
2021-09-26,-13.92,channel_2
2021-09-27,-14.055,channel_2
2021-09-28,-14.19,channel_2
2021-09-29,-14.28285714285714,channel_2
2021-09-30,-14.37571428571428,channel_2
2021-10-01,-14.46857142857143,channel_2
2021-10-02,-14.56142857142857,channel_2
2021-10-03,-14.65428571428571,channel_2
2021-10-04,-14.74714285714286,channel_2
2021-10-05,-14.84,channel_2
2021-10-06,-14.67666666666667,channel_2
2021-10-07,-14.51333333333333,channel_2
2021-10-08,-14.35,channel_2
2021-10-09,-14.5425,channel_2
2021-10-10,-14.735,channel_2
2021-10-11,-14.9275,channel_2
2021-10-12,-15.12,channel_2
2021-10-13,-15.11666666666667,channel_2
2021-10-14,-15.11333333333333,channel_2
2021-10-15,-15.11,channel_2
2021-10-16,-15.195,channel_2
2021-10-17,-15.28,channel_2
2021-10-18,-15.365,channel_2
2021-10-19,-15.45,channel_2
2021-10-20,-15.62666666666667,channel_2
2021-10-21,-15.80333333333333,channel_2
2021-10-22,-15.98,channel_2
2021-10-23,-15.97,channel_2
2021-10-24,-15.96,channel_2
2021-10-25,-15.95,channel_2
2021-10-26,-15.94,channel_2
2021-10-27,-15.93,channel_2
2021-10-28,-15.92,channel_2
2021-10-29,-15.91,channel_2
2021-10-30,-15.98857142857143,channel_2
2021-10-31,-16.06714285714286,channel_2
2021-11-01,-16.14571428571429,channel_2
2021-11-02,-16.22428571428571,channel_2
2021-11-03,-16.30285714285714,channel_2
2021-11-04,-16.38142857142857,channel_2
2021-11-05,-16.46,channel_2
2021-11-06,-16.6025,channel_2
2021-11-07,-16.745,channel_2
2021-11-08,-16.8875,channel_2
2021-11-09,-17.03,channel_2
2021-11-10,-16.85,channel_2
2021-11-11,-16.67,channel_2
2021-11-12,-16.49,channel_2
2021-11-13,-16.66571428571428,channel_2
2021-11-14,-16.84142857142857,channel_2
2021-11-15,-17.01714285714285,channel_2
2021-11-16,-17.19285714285714,channel_2
2021-11-17,-17.36857142857143,channel_2
2021-11-18,-17.54428571428571,channel_2
2021-11-19,-17.72,channel_2
2021-11-20,-17.85142857142857,channel_2
2021-11-21,-17.98285714285714,channel_2
2021-11-22,-18.11428571428571,channel_2
2021-11-23,-18.24571428571429,channel_2
2021-11-24,-18.37714285714286,channel_2
2021-11-25,-18.50857142857143,channel_2
2021-11-26,-18.64,channel_2
2021-11-27,-18.63,channel_2
2021-11-28,-18.62,channel_2
2021-11-29,-18.61,channel_2
2021-11-30,-18.6,channel_2
2021-12-01,-18.59,channel_2
2021-12-02,-18.58,channel_2
2021-12-03,-18.57,channel_2
2021-12-04,-18.54857142857143,channel_2
2021-12-05,-18.52714285714286,channel_2
2021-12-06,-18.50571428571429,channel_2
2021-12-07,-18.48428571428571,channel_2
2021-12-08,-18.46285714285714,channel_2
2021-12-09,-18.44142857142857,channel_2
2021-12-10,-18.42,channel_2
2021-12-11,-18.475,channel_2
2020-11-01,-0.44,channel_3
2020-11-02,-2.28,channel_3
2020-11-03,-3.2,channel_3
2020-11-04,-3.57,channel_3
2020-11-05,-5.17,channel_3
2020-11-06,-4.87,channel_3
2020-11-07,-3.94,channel_3
2020-11-08,-5.42,channel_3
2020-11-09,-5.29,channel_3
2020-11-10,-3.65,channel_3
2020-11-11,-3.67,channel_3
2020-11-12,-4.56,channel_3
2020-11-13,-5.24,channel_3
2020-11-14,-4.26,channel_3
2020-11-15,-4.68,channel_3
2020-11-16,-5.01,channel_3
2020-11-17,-4.75,channel_3
2020-11-18,-5.14,channel_3
2020-11-19,-5.11,channel_3
2020-11-20,-5.58,channel_3
2020-11-21,-5.6,channel_3
2020-11-22,-6.03,channel_3
2020-11-23,-5.56,channel_3
2020-11-24,-5.32,channel_3
2020-11-25,-5.48,channel_3
2020-11-26,-5.52,channel_3
2020-11-27,-5.414999999999999,channel_3
2020-11-28,-5.31,channel_3
2020-11-29,-5.51,channel_3
2020-11-30,-4.64,channel_3
2020-12-01,-3.46,channel_3
2020-12-02,-3.82,channel_3
2020-12-03,-3.5,channel_3
2020-12-04,-3.92,channel_3
2020-12-05,-4.13,channel_3
2020-12-06,-4.22,channel_3
2020-12-07,-3.92,channel_3
2020-12-08,-3.64,channel_3
2020-12-09,-3.88,channel_3
2020-12-10,-3.34,channel_3
2020-12-11,-3.14,channel_3
2020-12-12,-3.74,channel_3
2020-12-13,-4.34,channel_3
2020-12-14,-4.34,channel_3
2020-12-15,-5.7,channel_3
2020-12-16,-4.93,channel_3
2020-12-17,-4.66,channel_3
2020-12-18,-4.64,channel_3
2020-12-19,-5.07,channel_3
2020-12-20,-5.32,channel_3
2020-12-21,-4.49,channel_3
2020-12-22,-6.13,channel_3
2020-12-23,-7.22,channel_3
2020-12-24,-7.48,channel_3
2020-12-25,-8.195,channel_3
2020-12-26,-8.91,channel_3
2020-12-27,-7.91,channel_3
2020-12-28,-8.23,channel_3
2020-12-29,-8.88,channel_3
2020-12-30,-9.62,channel_3
2020-12-31,-8.86,channel_3
2021-01-01,-8.81,channel_3
2021-01-02,-8.65,channel_3
2021-01-03,-8.76,channel_3
2021-01-04,-8.67,channel_3
2021-01-05,-9.5,channel_3
2021-01-06,-12.13,channel_3
2021-01-07,-11.35,channel_3
2021-01-08,-11.92,channel_3
2021-01-09,-12.14,channel_3
2021-01-10,-11.78,channel_3
2021-01-11,-12.88,channel_3
2021-01-12,-13.17,channel_3
2021-01-13,-13.02,channel_3
2021-01-14,-13.66,channel_3
2021-01-15,-15.43,channel_3
2021-01-16,-16.56,channel_3
2021-01-17,-16.53,channel_3
2021-01-18,-16.13,channel_3
2021-01-19,-16.88,channel_3
2021-01-20,-17.25,channel_3
2021-01-21,-18.04,channel_3
2021-01-22,-16.52,channel_3
2021-01-23,-15.96,channel_3
2021-01-24,-15.91,channel_3
2021-01-25,-17.41,channel_3
2021-01-26,-17.9,channel_3
2021-01-27,-18.12,channel_3
2021-01-28,-18.31,channel_3
2021-01-29,-18.92,channel_3
2021-01-30,-18.8675,channel_3
2021-01-31,-18.815,channel_3
2021-02-01,-18.7625,channel_3
2021-02-02,-18.71,channel_3
2021-02-03,-18.73333333333333,channel_3
2021-02-04,-18.75666666666667,channel_3
2021-02-05,-18.78,channel_3
2021-02-06,-18.875,channel_3
2021-02-07,-18.97,channel_3
2021-02-08,-19.065,channel_3
2021-02-09,-19.16,channel_3
2021-02-10,-19.19285714285714,channel_3
2021-02-11,-19.22571428571429,channel_3
2021-02-12,-19.25857142857143,channel_3
2021-02-13,-19.29142857142857,channel_3
2021-02-14,-19.32428571428571,channel_3
2021-02-15,-19.35714285714286,channel_3
2021-02-16,-19.39,channel_3
2021-02-17,-19.54,channel_3
2021-02-18,-19.69,channel_3
2021-02-19,-19.84,channel_3
2021-02-20,-19.9625,channel_3
2021-02-21,-20.085,channel_3
2021-02-22,-20.2075,channel_3
2021-02-23,-20.33,channel_3
2021-02-24,-20.46666666666667,channel_3
2021-02-25,-20.60333333333333,channel_3
2021-02-26,-20.74,channel_3
2021-02-27,-20.665,channel_3
2021-02-28,-20.59,channel_3
2021-03-01,-20.515,channel_3
2021-03-02,-20.44,channel_3
2021-03-03,-21.00666666666667,channel_3
2021-03-04,-21.57333333333333,channel_3
2021-03-05,-22.14,channel_3
2021-03-06,-22.63,channel_3
2021-03-07,-23.12,channel_3
2021-03-08,-23.61,channel_3
2021-03-09,-24.14,channel_3
2021-03-10,-23.98,channel_3
2021-03-11,-23.58,channel_3
2021-03-12,-25.36,channel_3
2021-03-13,-25.875,channel_3
2021-03-14,-26.39,channel_3
2021-03-15,-26.62,channel_3
2021-03-16,-26.0,channel_3
2021-03-17,-25.63,channel_3
2021-03-18,-25.48,channel_3
2021-03-19,-25.77,channel_3
2021-03-20,-25.5825,channel_3
2021-03-21,-25.395,channel_3
2021-03-22,-25.2075,channel_3
2021-03-23,-25.02,channel_3
2021-03-24,-25.45333333333333,channel_3
2021-03-25,-25.88666666666667,channel_3
2021-03-26,-26.32,channel_3
2021-03-27,-26.1575,channel_3
2021-03-28,-25.995,channel_3
2021-03-29,-25.8325,channel_3
2021-03-30,-25.67,channel_3
2021-03-31,-25.60666666666667,channel_3
2021-04-01,-25.54333333333333,channel_3
2021-04-02,-25.48,channel_3
2021-04-03,-25.5025,channel_3
2021-04-04,-25.525,channel_3
2021-04-05,-25.5475,channel_3
2021-04-06,-25.57,channel_3
2021-04-07,-25.82,channel_3
2021-04-08,-26.07,channel_3
2021-04-09,-26.32,channel_3
2021-04-10,-26.45,channel_3
2021-04-11,-26.58,channel_3
2021-04-12,-26.71,channel_3
2021-04-13,-26.84,channel_3
2021-04-14,-27.26333333333333,channel_3
2021-04-15,-27.68666666666667,channel_3
2021-04-16,-28.11,channel_3
2021-04-17,-29.045,channel_3
2021-04-18,-29.98,channel_3
2021-04-19,-31.77,channel_3
2021-04-20,-33.64,channel_3
2021-04-21,-34.98,channel_3
2021-04-22,-33.9,channel_3
2021-04-23,-32.19,channel_3
2021-04-24,-31.83,channel_3
2021-04-25,-30.99,channel_3
2021-04-26,-30.87,channel_3
2021-04-27,-29.43,channel_3
2021-04-28,-29.31,channel_3
2021-04-29,-29.285,channel_3
2021-04-30,-29.26,channel_3
2021-05-01,-29.41,channel_3
2021-05-02,-29.56,channel_3
2021-05-03,-29.71,channel_3
2021-05-04,-29.86,channel_3
2021-05-05,-30.03,channel_3
2021-05-06,-30.2,channel_3
2021-05-07,-30.37,channel_3
2021-05-08,-30.385,channel_3
2021-05-09,-30.4,channel_3
2021-05-10,-30.415,channel_3
2021-05-11,-30.43,channel_3
2021-05-12,-30.36142857142857,channel_3
2021-05-13,-30.29285714285714,channel_3
2021-05-14,-30.22428571428571,channel_3
2021-05-15,-30.15571428571429,channel_3
2021-05-16,-30.08714285714286,channel_3
2021-05-17,-30.01857142857143,channel_3
2021-05-18,-29.95,channel_3
2021-05-19,-30.11333333333333,channel_3
2021-05-20,-30.27666666666667,channel_3
2021-05-21,-30.44,channel_3
2021-05-22,-30.42,channel_3
2021-05-23,-30.4,channel_3
2021-05-24,-30.19,channel_3
2021-05-25,-30.89,channel_3
2021-05-26,-30.86,channel_3
2021-05-27,-32.12,channel_3
2021-05-28,-33.45,channel_3
2021-05-29,-33.3275,channel_3
2021-05-30,-33.205,channel_3
2021-05-31,-33.0825,channel_3
2021-06-01,-32.96,channel_3
2021-06-02,-32.97,channel_3
2021-06-03,-32.98,channel_3
2021-06-04,-32.99,channel_3
2021-06-05,-33.168125,channel_3
2021-06-06,-33.34625,channel_3
2021-06-07,-33.524375,channel_3
2021-06-08,-33.7025,channel_3
2021-06-09,-33.345,channel_3
2021-06-10,-32.9875,channel_3
2021-06-11,-32.63,channel_3
2021-06-12,-32.5475,channel_3
2021-06-13,-32.465,channel_3
2021-06-14,-32.3825,channel_3
2021-06-15,-32.3,channel_3
2021-06-16,-32.35324,channel_3
2021-06-17,-32.40647999999999,channel_3
2021-06-18,-32.45972,channel_3
2021-06-19,-32.62690285714285,channel_3
2021-06-20,-32.79408571428571,channel_3
2021-06-21,-32.96126857142857,channel_3
2021-06-22,-33.12845142857143,channel_3
2021-06-23,-33.29563428571429,channel_3
2021-06-24,-33.46281714285715,channel_3
2021-06-25,-33.63,channel_3
2021-06-26,-33.62,channel_3
2021-06-27,-33.61,channel_3
2021-06-28,-33.6,channel_3
2021-06-29,-33.59,channel_3
2021-06-30,-33.75,channel_3
2021-07-01,-34.26000000000001,channel_3
2021-07-02,-34.77,channel_3
2021-07-03,-34.26,channel_3
2021-07-04,-34.91,channel_3
2021-07-05,-34.955,channel_3
2021-07-06,-35.0,channel_3
2021-07-07,-34.75,channel_3
2021-07-08,-34.51,channel_3
2021-07-09,-34.94,channel_3
2021-07-10,-35.08499999999999,channel_3
2021-07-11,-35.23,channel_3
2021-07-12,-34.995,channel_3
2021-07-13,-34.76,channel_3
2021-07-14,-35.565,channel_3
2021-07-15,-36.37,channel_3
2021-07-16,-36.84,channel_3
2021-07-17,-37.46,channel_3
2021-07-18,-37.81,channel_3
2021-07-19,-37.52,channel_3
2021-07-20,-37.23,channel_3
2021-07-21,-37.235,channel_3
2021-07-22,-37.23999999999999,channel_3
2021-07-23,-37.245,channel_3
2021-07-24,-37.25,channel_3
2021-07-25,-37.255,channel_3
2021-07-26,-37.26000000000001,channel_3
2021-07-27,-37.265,channel_3
2021-07-28,-37.27,channel_3
2021-07-29,-37.23,channel_3
2021-07-30,-37.19,channel_3
2021-07-31,-37.09,channel_3
2021-08-01,-36.98999999999999,channel_3
2021-08-02,-36.89,channel_3
2021-08-03,-36.79,channel_3
2021-08-04,-36.83,channel_3
2021-08-05,-36.87,channel_3
2021-08-06,-36.91,channel_3
2021-08-07,-36.5625,channel_3
2021-08-08,-36.215,channel_3
2021-08-09,-35.8675,channel_3
2021-08-10,-35.52,channel_3
2021-08-11,-35.70333333333333,channel_3
2021-08-12,-35.88666666666667,channel_3
2021-08-13,-36.07,channel_3
2021-08-14,-36.105,channel_3
2021-08-15,-36.14,channel_3
2021-08-16,-36.175,channel_3
2021-08-17,-36.21,channel_3
2021-08-18,-36.25666666666667,channel_3
2021-08-19,-36.30333333333333,channel_3
2021-08-20,-36.35,channel_3
2021-08-21,-36.34,channel_3
2021-08-22,-36.33,channel_3
2021-08-23,-36.32,channel_3
2021-08-24,-36.31,channel_3
2021-08-25,-36.84333333333333,channel_3
2021-08-26,-37.37666666666667,channel_3
2021-08-27,-37.91,channel_3
2021-08-28,-37.845,channel_3
2021-08-29,-37.78,channel_3
2021-08-30,-37.715,channel_3
2021-08-31,-37.65,channel_3
2021-09-01,-37.59333333333333,channel_3
2021-09-02,-37.53666666666666,channel_3
2021-09-03,-37.48,channel_3
2021-09-04,-37.2825,channel_3
2021-09-05,-37.08499999999999,channel_3
2021-09-06,-36.8875,channel_3
2021-09-07,-36.69,channel_3
2021-09-08,-36.61333333333333,channel_3
2021-09-09,-36.53666666666667,channel_3
2021-09-10,-36.46,channel_3
2021-09-11,-36.414,channel_3
2021-09-12,-36.368,channel_3
2021-09-13,-36.322,channel_3
2021-09-14,-36.276,channel_3
2021-09-15,-36.23,channel_3
2021-09-16,-36.21666666666666,channel_3
2021-09-17,-36.20333333333333,channel_3
2021-09-18,-36.19,channel_3
2021-09-19,-36.39333333333333,channel_3
2021-09-20,-36.59666666666666,channel_3
2021-09-21,-36.8,channel_3
2021-09-22,-37.05,channel_3
2021-09-23,-37.3,channel_3
2021-09-24,-37.55,channel_3
2021-09-25,-37.485,channel_3
2021-09-26,-37.42,channel_3
2021-09-27,-37.355,channel_3
2021-09-28,-37.29,channel_3
2021-09-29,-37.22,channel_3
2021-09-30,-37.15,channel_3
2021-10-01,-37.08,channel_3
2021-10-02,-37.01,channel_3
2021-10-03,-36.94,channel_3
2021-10-04,-36.87,channel_3
2021-10-05,-36.8,channel_3
2021-10-06,-36.63666666666666,channel_3
2021-10-07,-36.47333333333334,channel_3
2021-10-08,-36.31,channel_3
2021-10-09,-36.295,channel_3
2021-10-10,-36.28,channel_3
2021-10-11,-36.265,channel_3
2021-10-12,-36.25,channel_3
2021-10-13,-36.23,channel_3
2021-10-14,-36.21,channel_3
2021-10-15,-36.19,channel_3
2021-10-16,-36.11,channel_3
2021-10-17,-36.03,channel_3
2021-10-18,-35.95,channel_3
2021-10-19,-35.87,channel_3
2021-10-20,-35.80333333333333,channel_3
2021-10-21,-35.73666666666666,channel_3
2021-10-22,-35.67,channel_3
2021-10-23,-35.76714285714286,channel_3
2021-10-24,-35.86428571428571,channel_3
2021-10-25,-35.96142857142857,channel_3
2021-10-26,-36.05857142857143,channel_3
2021-10-27,-36.15571428571429,channel_3
2021-10-28,-36.25285714285715,channel_3
2021-10-29,-36.35,channel_3
2021-10-30,-36.20571428571429,channel_3
2021-10-31,-36.06142857142857,channel_3
2021-11-01,-35.91714285714286,channel_3
2021-11-02,-35.77285714285715,channel_3
2021-11-03,-35.62857142857143,channel_3
2021-11-04,-35.48428571428572,channel_3
2021-11-05,-35.34,channel_3
2021-11-06,-35.2925,channel_3
2021-11-07,-35.245,channel_3
2021-11-08,-35.1975,channel_3
2021-11-09,-35.15,channel_3
2021-11-10,-35.22666666666667,channel_3
2021-11-11,-35.30333333333333,channel_3
2021-11-12,-35.38,channel_3
2021-11-13,-35.30142857142857,channel_3
2021-11-14,-35.22285714285714,channel_3
2021-11-15,-35.14428571428572,channel_3
2021-11-16,-35.06571428571429,channel_3
2021-11-17,-34.98714285714286,channel_3
2021-11-18,-34.90857142857143,channel_3
2021-11-19,-34.83,channel_3
2021-11-20,-34.73571428571429,channel_3
2021-11-21,-34.64142857142857,channel_3
2021-11-22,-34.54714285714286,channel_3
2021-11-23,-34.45285714285714,channel_3
2021-11-24,-34.35857142857143,channel_3
2021-11-25,-34.26428571428571,channel_3
2021-11-26,-34.17,channel_3
2021-11-27,-34.30714285714286,channel_3
2021-11-28,-34.44428571428572,channel_3
2021-11-29,-34.58142857142857,channel_3
2021-11-30,-34.71857142857143,channel_3
2021-12-01,-34.85571428571428,channel_3
2021-12-02,-34.99285714285715,channel_3
2021-12-03,-35.13,channel_3
2021-12-04,-35.24,channel_3
2021-12-05,-35.35,channel_3
2021-12-06,-35.46,channel_3
2021-12-07,-35.57,channel_3
2021-12-08,-35.68,channel_3
2021-12-09,-35.79,channel_3
2021-12-10,-35.9,channel_3
2021-12-11,-35.90071428571429,channel_3
2020-11-01,0.0,channel_4
2020-11-02,0.0,channel_4
2020-11-03,1.12583,channel_4
2020-11-04,1.76833,channel_4
2020-11-05,0.02083,channel_4
2020-11-06,0.42583,channel_4
2020-11-07,0.90833,channel_4
2020-11-08,-0.48166,channel_4
2020-11-09,-0.17416,channel_4
2020-11-10,1.81833,channel_4
2020-11-11,1.69083,channel_4
2020-11-12,0.91583,channel_4
2020-11-13,0.20833,channel_4
2020-11-14,1.30333,channel_4
2020-11-15,1.13833,channel_4
2020-11-16,0.68583,channel_4
2020-11-17,1.34083,channel_4
2020-11-18,1.05583,channel_4
2020-11-19,1.35583,channel_4
2020-11-20,1.25333,channel_4
2020-11-21,1.36833,channel_4
2020-11-22,1.05583,channel_4
2020-11-23,1.58083,channel_4
2020-11-24,1.74333,channel_4
2020-11-25,1.78583,channel_4
2020-11-26,1.56333,channel_4
2020-11-27,1.75333,channel_4
2020-11-28,1.94333,channel_4
2020-11-29,1.34083,channel_4
2020-11-30,1.72333,channel_4
2020-12-01,2.60083,channel_4
2020-12-02,3.15583,channel_4
2020-12-03,3.19333,channel_4
2020-12-04,2.78583,channel_4
2020-12-05,2.87833,channel_4
2020-12-06,2.67333,channel_4
2020-12-07,3.15333,channel_4
2020-12-08,3.05583,channel_4
2020-12-09,2.56833,channel_4
2020-12-10,3.19583,channel_4
2020-12-11,3.36333,channel_4
2020-12-12,3.56583,channel_4
2020-12-13,2.83583,channel_4
2020-12-14,2.74333,channel_4
2020-12-15,2.22083,channel_4
2020-12-16,2.04833,channel_4
2020-12-17,2.66583,channel_4
2020-12-18,3.11333,channel_4
2020-12-19,2.53583,channel_4
2020-12-20,2.83333,channel_4
2020-12-21,3.45083,channel_4
2020-12-22,1.87333,channel_4
2020-12-23,0.63583,channel_4
2020-12-24,0.62333,channel_4
2020-12-25,0.137085,channel_4
2020-12-26,-0.34916,channel_4
2020-12-27,0.30083,channel_4
2020-12-28,0.57583,channel_4
2020-12-29,-0.71166,channel_4
2020-12-30,-0.15166,channel_4
2020-12-31,0.56333,channel_4
2021-01-01,0.90083,channel_4
2021-01-02,0.94333,channel_4
2021-01-03,1.40083,channel_4
2021-01-04,1.01833,channel_4
2021-01-05,0.23333,channel_4
2021-01-06,-0.59416,channel_4
2021-01-07,-0.31666,channel_4
2021-01-08,-1.21916,channel_4
2021-01-09,-0.90916,channel_4
2021-01-10,-1.18166,channel_4
2021-01-11,-2.22666,channel_4
2021-01-12,-2.72666,channel_4
2021-01-13,-1.77916,channel_4
2021-01-14,-1.84166,channel_4
2021-01-15,-3.25666,channel_4
2021-01-16,-4.09166,channel_4
2021-01-17,-4.55666,channel_4
2021-01-18,-4.18166,channel_4
2021-01-19,-5.70666,channel_4
2021-01-20,-6.43416,channel_4
2021-01-21,-6.24666,channel_4
2021-01-22,-4.80166,channel_4
2021-01-23,-4.38166,channel_4
2021-01-24,-4.06666,channel_4
2021-01-25,-5.75166,channel_4
2021-01-26,-5.96416,channel_4
2021-01-27,-5.58166,channel_4
2021-01-28,-5.39916,channel_4
2021-01-29,-5.69166,channel_4
2021-01-30,-5.74791,channel_4
2021-01-31,-5.80416,channel_4
2021-02-01,-5.86041,channel_4
2021-02-02,-5.91666,channel_4
2021-02-03,-5.84666,channel_4
2021-02-04,-5.776660000000001,channel_4
2021-02-05,-5.70666,channel_4
2021-02-06,-5.857285,channel_4
2021-02-07,-6.007910000000001,channel_4
2021-02-08,-6.158535000000001,channel_4
2021-02-09,-6.30916,channel_4
2021-02-10,-6.299517142857143,channel_4
2021-02-11,-6.289874285714286,channel_4
2021-02-12,-6.280231428571429,channel_4
2021-02-13,-6.270588571428572,channel_4
2021-02-14,-6.260945714285715,channel_4
2021-02-15,-6.251302857142858,channel_4
2021-02-16,-6.24166,channel_4
2021-02-17,-6.348326666666667,channel_4
2021-02-18,-6.454993333333333,channel_4
2021-02-19,-6.56166,channel_4
2021-02-20,-6.631035,channel_4
2021-02-21,-6.70041,channel_4
2021-02-22,-6.769785,channel_4
2021-02-23,-6.83916,channel_4
2021-02-24,-6.74416,channel_4
2021-02-25,-6.64916,channel_4
2021-02-26,-6.55416,channel_4
2021-02-27,-6.598535,channel_4
2021-02-28,-6.642910000000001,channel_4
2021-03-01,-6.687285,channel_4
2021-03-02,-6.73166,channel_4
2021-03-03,-7.143326666666667,channel_4
2021-03-04,-7.554993333333333,channel_4
2021-03-05,-7.96666,channel_4
2021-03-06,-8.357493333333334,channel_4
2021-03-07,-8.748326666666667,channel_4
2021-03-08,-9.13916,channel_4
2021-03-09,-10.53916,channel_4
2021-03-10,-11.60416,channel_4
2021-03-11,-11.43416,channel_4
2021-03-12,-13.09416,channel_4
2021-03-13,-13.58291,channel_4
2021-03-14,-14.07166,channel_4
2021-03-15,-14.19416,channel_4
2021-03-16,-13.23916,channel_4
2021-03-17,-12.88166,channel_4
2021-03-18,-12.79916,channel_4
2021-03-19,-13.23416,channel_4
2021-03-20,-13.02291,channel_4
2021-03-21,-12.81166,channel_4
2021-03-22,-12.60041,channel_4
2021-03-23,-12.38916,channel_4
2021-03-24,-12.53749333333333,channel_4
2021-03-25,-12.68582666666667,channel_4
2021-03-26,-12.83416,channel_4
2021-03-27,-12.719785,channel_4
2021-03-28,-12.60541,channel_4
2021-03-29,-12.491035,channel_4
2021-03-30,-12.37666,channel_4
2021-03-31,-12.43999333333333,channel_4
2021-04-01,-12.50332666666667,channel_4
2021-04-02,-12.56666,channel_4
2021-04-03,-12.538535,channel_4
2021-04-04,-12.51041,channel_4
2021-04-05,-12.482285,channel_4
2021-04-06,-12.45416,channel_4
2021-04-07,-12.68082666666667,channel_4
2021-04-08,-12.90749333333333,channel_4
2021-04-09,-13.13416,channel_4
2021-04-10,-13.2194725,channel_4
2021-04-11,-13.304785,channel_4
2021-04-12,-13.3900975,channel_4
2021-04-13,-13.47541,channel_4
2021-04-14,-13.81582666666667,channel_4
2021-04-15,-14.15624333333333,channel_4
2021-04-16,-14.49666,channel_4
2021-04-17,-15.09041,channel_4
2021-04-18,-15.68416,channel_4
2021-04-19,-16.97916,channel_4
2021-04-20,-18.02916,channel_4
2021-04-21,-19.21416,channel_4
2021-04-22,-17.73416,channel_4
2021-04-23,-16.43416,channel_4
2021-04-24,-15.86666,channel_4
2021-04-25,-15.00666,channel_4
2021-04-26,-14.29416,channel_4
2021-04-27,-13.95916,channel_4
2021-04-28,-13.84916,channel_4
2021-04-29,-14.26541,channel_4
2021-04-30,-14.68166,channel_4
2021-05-01,-14.59791,channel_4
2021-05-02,-14.51416,channel_4
2021-05-03,-14.43041,channel_4
2021-05-04,-14.34666,channel_4
2021-05-05,-14.55999333333333,channel_4
2021-05-06,-14.77332666666667,channel_4
2021-05-07,-14.98666,channel_4
2021-05-08,-14.89291,channel_4
2021-05-09,-14.79916,channel_4
2021-05-10,-14.70541,channel_4
2021-05-11,-14.61166,channel_4
2021-05-12,-14.75856571428571,channel_4
2021-05-13,-14.90547142857143,channel_4
2021-05-14,-15.05237714285714,channel_4
2021-05-15,-15.19928285714286,channel_4
2021-05-16,-15.34618857142857,channel_4
2021-05-17,-15.49309428571429,channel_4
2021-05-18,-15.64,channel_4
2021-05-19,-15.61333333333333,channel_4
2021-05-20,-15.58666666666667,channel_4
2021-05-21,-15.56,channel_4
2021-05-22,-15.355,channel_4
2021-05-23,-15.15,channel_4
2021-05-24,-15.31,channel_4
2021-05-25,-15.55,channel_4
2021-05-26,-15.42,channel_4
2021-05-27,-15.86,channel_4
2021-05-28,-15.7,channel_4
2021-05-29,-15.72,channel_4
2021-05-30,-15.74,channel_4
2021-05-31,-15.76,channel_4
2021-06-01,-15.78,channel_4
2021-06-02,-15.77,channel_4
2021-06-03,-15.76,channel_4
2021-06-04,-15.75,channel_4
2021-06-05,-15.849375,channel_4
2021-06-06,-15.94875,channel_4
2021-06-07,-16.048125,channel_4
2021-06-08,-16.1475,channel_4
2021-06-09,-16.07166666666667,channel_4
2021-06-10,-15.99583333333333,channel_4
2021-06-11,-15.92,channel_4
2021-06-12,-15.91,channel_4
2021-06-13,-15.9,channel_4
2021-06-14,-15.89,channel_4
2021-06-15,-15.88,channel_4
2021-06-16,-16.19824,channel_4
2021-06-17,-16.51648,channel_4
2021-06-18,-16.83472,channel_4
2021-06-19,-16.99404571428571,channel_4
2021-06-20,-17.15337142857143,channel_4
2021-06-21,-17.31269714285714,channel_4
2021-06-22,-17.47202285714286,channel_4
2021-06-23,-17.63134857142857,channel_4
2021-06-24,-17.79067428571429,channel_4
2021-06-25,-17.95,channel_4
2021-06-26,-17.595,channel_4
2021-06-27,-17.24,channel_4
2021-06-28,-16.885,channel_4
2021-06-29,-16.53,channel_4
2021-06-30,-15.93,channel_4
2021-07-01,-16.82,channel_4
2021-07-02,-17.71,channel_4
2021-07-03,-18.0,channel_4
2021-07-04,-18.85,channel_4
2021-07-05,-19.995,channel_4
2021-07-06,-21.14,channel_4
2021-07-07,-21.38,channel_4
2021-07-08,-21.61,channel_4
2021-07-09,-20.35,channel_4
2021-07-10,-21.22,channel_4
2021-07-11,-22.09,channel_4
2021-07-12,-22.345,channel_4
2021-07-13,-22.6,channel_4
2021-07-14,-22.59,channel_4
2021-07-15,-22.58,channel_4
2021-07-16,-23.41,channel_4
2021-07-17,-23.27,channel_4
2021-07-18,-23.2,channel_4
2021-07-19,-23.18,channel_4
2021-07-20,-23.16,channel_4
2021-07-21,-23.17625,channel_4
2021-07-22,-23.1925,channel_4
2021-07-23,-23.20875,channel_4
2021-07-24,-23.225,channel_4
2021-07-25,-23.24125,channel_4
2021-07-26,-23.2575,channel_4
2021-07-27,-23.27375,channel_4
2021-07-28,-23.29,channel_4
2021-07-29,-23.045,channel_4
2021-07-30,-22.8,channel_4
2021-07-31,-22.7275,channel_4
2021-08-01,-22.655,channel_4
2021-08-02,-22.5825,channel_4
2021-08-03,-22.51,channel_4
2021-08-04,-22.46333333333333,channel_4
2021-08-05,-22.41666666666667,channel_4
2021-08-06,-22.37,channel_4
2021-08-07,-22.385,channel_4
2021-08-08,-22.4,channel_4
2021-08-09,-22.415,channel_4
2021-08-10,-22.43,channel_4
2021-08-11,-22.54666666666667,channel_4
2021-08-12,-22.66333333333333,channel_4
2021-08-13,-22.78,channel_4
2021-08-14,-22.87375,channel_4
2021-08-15,-22.9675,channel_4
2021-08-16,-23.06125,channel_4
2021-08-17,-23.155,channel_4
2021-08-18,-23.28,channel_4
2021-08-19,-23.405,channel_4
2021-08-20,-23.53,channel_4
2021-08-21,-23.4125,channel_4
2021-08-22,-23.295,channel_4
2021-08-23,-23.1775,channel_4
2021-08-24,-23.06,channel_4
2021-08-25,-23.09666666666667,channel_4
2021-08-26,-23.13333333333333,channel_4
2021-08-27,-23.17,channel_4
2021-08-28,-23.1425,channel_4
2021-08-29,-23.115,channel_4
2021-08-30,-23.0875,channel_4
2021-08-31,-23.06,channel_4
2021-09-01,-23.33666666666667,channel_4
2021-09-02,-23.61333333333333,channel_4
2021-09-03,-23.89,channel_4
2021-09-04,-23.97,channel_4
2021-09-05,-24.05,channel_4
2021-09-06,-24.13,channel_4
2021-09-07,-24.21,channel_4
2021-09-08,-23.96,channel_4
2021-09-09,-23.71,channel_4
2021-09-10,-23.46,channel_4
2021-09-11,-23.574,channel_4
2021-09-12,-23.688,channel_4
2021-09-13,-23.802,channel_4
2021-09-14,-23.916,channel_4
2021-09-15,-24.03,channel_4
2021-09-16,-23.89,channel_4
2021-09-17,-23.75,channel_4
2021-09-18,-23.61,channel_4
2021-09-19,-23.54,channel_4
2021-09-20,-23.47,channel_4
2021-09-21,-23.4,channel_4
2021-09-22,-23.63,channel_4
2021-09-23,-23.86,channel_4
2021-09-24,-24.09,channel_4
2021-09-25,-24.0325,channel_4
2021-09-26,-23.975,channel_4
2021-09-27,-23.9175,channel_4
2021-09-28,-23.86,channel_4
2021-09-29,-23.84285714285714,channel_4
2021-09-30,-23.82571428571428,channel_4
2021-10-01,-23.80857142857143,channel_4
2021-10-02,-23.79142857142857,channel_4
2021-10-03,-23.77428571428571,channel_4
2021-10-04,-23.75714285714286,channel_4
2021-10-05,-23.74,channel_4
2021-10-06,-23.9,channel_4
2021-10-07,-24.06,channel_4
2021-10-08,-24.22,channel_4
2021-10-09,-24.14,channel_4
2021-10-10,-24.06,channel_4
2021-10-11,-23.98,channel_4
2021-10-12,-23.9,channel_4
2021-10-13,-23.80666666666666,channel_4
2021-10-14,-23.71333333333333,channel_4
2021-10-15,-23.62,channel_4
2021-10-16,-23.4875,channel_4
2021-10-17,-23.355,channel_4
2021-10-18,-23.2225,channel_4
2021-10-19,-23.09,channel_4
2021-10-20,-23.18666666666667,channel_4
2021-10-21,-23.28333333333333,channel_4
2021-10-22,-23.38,channel_4
2021-10-23,-23.32714285714286,channel_4
2021-10-24,-23.27428571428571,channel_4
2021-10-25,-23.22142857142857,channel_4
2021-10-26,-23.16857142857143,channel_4
2021-10-27,-23.11571428571429,channel_4
2021-10-28,-23.06285714285714,channel_4
2021-10-29,-23.01,channel_4
2021-10-30,-22.90857142857143,channel_4
2021-10-31,-22.80714285714286,channel_4
2021-11-01,-22.70571428571429,channel_4
2021-11-02,-22.60428571428572,channel_4
2021-11-03,-22.50285714285715,channel_4
2021-11-04,-22.40142857142857,channel_4
2021-11-05,-22.3,channel_4
2021-11-06,-22.2625,channel_4
2021-11-07,-22.225,channel_4
2021-11-08,-22.1875,channel_4
2021-11-09,-22.15,channel_4
2021-11-10,-22.17333333333333,channel_4
2021-11-11,-22.19666666666667,channel_4
2021-11-12,-22.22,channel_4
2021-11-13,-22.14142857142857,channel_4
2021-11-14,-22.06285714285714,channel_4
2021-11-15,-21.98428571428571,channel_4
2021-11-16,-21.90571428571429,channel_4
2021-11-17,-21.82714285714286,channel_4
2021-11-18,-21.74857142857143,channel_4
2021-11-19,-21.67,channel_4
2021-11-20,-21.81571428571429,channel_4
2021-11-21,-21.96142857142857,channel_4
2021-11-22,-22.10714285714286,channel_4
2021-11-23,-22.25285714285715,channel_4
2021-11-24,-22.39857142857143,channel_4
2021-11-25,-22.54428571428572,channel_4
2021-11-26,-22.69,channel_4
2021-11-27,-22.62,channel_4
2021-11-28,-22.55,channel_4
2021-11-29,-22.48,channel_4
2021-11-30,-22.41,channel_4
2021-12-01,-22.34,channel_4
2021-12-02,-22.27,channel_4
2021-12-03,-22.2,channel_4
2021-12-04,-22.23,channel_4
2021-12-05,-22.26,channel_4
2021-12-06,-22.29,channel_4
2021-12-07,-22.32,channel_4
2021-12-08,-22.35,channel_4
2021-12-09,-22.38,channel_4
2021-12-10,-22.41,channel_4
2021-12-11,-22.40428571428571,channel_4
2020-11-01,0.0,channel_5
2020-11-02,0.0,channel_5
2020-11-03,1.3975,channel_5
2020-11-04,1.80499,channel_5
2020-11-05,0.19749,channel_5
2020-11-06,0.10249,channel_5
2020-11-07,1.06499,channel_5
2020-11-08,0.035,channel_5
2020-11-09,0.3175,channel_5
2020-11-10,1.67499,channel_5
2020-11-11,1.91249,channel_5
2020-11-12,1.24749,channel_5
2020-11-13,0.58,channel_5
2020-11-14,1.835,channel_5
2020-11-15,1.47999,channel_5
2020-11-16,1.25749,channel_5
2020-11-17,1.64249,channel_5
2020-11-18,1.41749,channel_5
2020-11-19,1.60249,channel_5
2020-11-20,1.28499,channel_5
2020-11-21,1.31999,channel_5
2020-11-22,1.25749,channel_5
2020-11-23,2.04249,channel_5
2020-11-24,1.96499,channel_5
2020-11-25,1.88249,channel_5
2020-11-26,2.125,channel_5
2020-11-27,1.819995,channel_5
2020-11-28,1.51499,channel_5
2020-11-29,1.69249,channel_5
2020-11-30,2.21999,channel_5
2020-12-01,2.3275,channel_5
2020-12-02,2.8025,channel_5
2020-12-03,2.75499,channel_5
2020-12-04,2.37249,channel_5
2020-12-05,2.07999,channel_5
2020-12-06,2.29,channel_5
2020-12-07,2.18499,channel_5
2020-12-08,2.66749,channel_5
2020-12-09,2.18999,channel_5
2020-12-10,2.99749,channel_5
2020-12-11,2.745,channel_5
2020-12-12,3.14249,channel_5
2020-12-13,2.9275,channel_5
2020-12-14,2.635,channel_5
2020-12-15,2.10749,channel_5
2020-12-16,2.78499,channel_5
2020-12-17,2.6225,channel_5
2020-12-18,2.845,channel_5
2020-12-19,2.6675,channel_5
2020-12-20,2.65999,channel_5
2020-12-21,3.2525,channel_5
2020-12-22,1.92,channel_5
2020-12-23,0.59249,channel_5
2020-12-24,0.42499,channel_5
2020-12-25,0.11375,channel_5
2020-12-26,-0.19749,channel_5
2020-12-27,0.56249,channel_5
2020-12-28,0.6725,channel_5
2020-12-29,0.09499,channel_5
2020-12-30,0.085,channel_5
2020-12-31,0.74999,channel_5
2021-01-01,0.63249,channel_5
2021-01-02,1.245,channel_5
2021-01-03,1.97749,channel_5
2021-01-04,1.51999,channel_5
2021-01-05,0.82999,channel_5
2021-01-06,0.01749,channel_5
2021-01-07,0.115,channel_5
2021-01-08,-0.3175,channel_5
2021-01-09,-0.3725,channel_5
2021-01-10,-0.52999,channel_5
2021-01-11,-1.97,channel_5
2021-01-12,-2.82,channel_5
2021-01-13,-1.8825,channel_5
2021-01-14,-2.115,channel_5
2021-01-15,-3.15,channel_5
2021-01-16,-3.675,channel_5
2021-01-17,-3.30499,channel_5
2021-01-18,-3.86499,channel_5
2021-01-19,-5.625,channel_5
2021-01-20,-5.3125,channel_5
2021-01-21,-5.37,channel_5
2021-01-22,-4.635,channel_5
2021-01-23,-4.415,channel_5
2021-01-24,-4.59,channel_5
2021-01-25,-5.425,channel_5
2021-01-26,-5.3575,channel_5
2021-01-27,-5.91,channel_5
2021-01-28,-5.8325,channel_5
2021-01-29,-5.645,channel_5
2021-01-30,-5.8849975,channel_5
2021-01-31,-6.124995,channel_5
2021-02-01,-6.3649925,channel_5
2021-02-02,-6.60499,channel_5
2021-02-03,-6.794993333333333,channel_5
2021-02-04,-6.984996666666667,channel_5
2021-02-05,-7.175,channel_5
2021-02-06,-7.334375,channel_5
2021-02-07,-7.49375,channel_5
2021-02-08,-7.653125,channel_5
2021-02-09,-7.8125,channel_5
2021-02-10,-7.841428571428572,channel_5
2021-02-11,-7.870357142857143,channel_5
2021-02-12,-7.899285714285715,channel_5
2021-02-13,-7.928214285714286,channel_5
2021-02-14,-7.957142857142857,channel_5
2021-02-15,-7.986071428571429,channel_5
2021-02-16,-8.015,channel_5
2021-02-17,-8.075000000000001,channel_5
2021-02-18,-8.135,channel_5
2021-02-19,-8.195,channel_5
2021-02-20,-8.2506225,channel_5
2021-02-21,-8.306245,channel_5
2021-02-22,-8.3618675,channel_5
2021-02-23,-8.41749,channel_5
2021-02-24,-8.54916,channel_5
2021-02-25,-8.68083,channel_5
2021-02-26,-8.8125,channel_5
2021-02-27,-8.9606225,channel_5
2021-02-28,-9.108744999999999,channel_5
2021-03-01,-9.2568675,channel_5
2021-03-02,-9.40499,channel_5
2021-03-03,-9.399993333333333,channel_5
2021-03-04,-9.394996666666668,channel_5
2021-03-05,-9.39,channel_5
2021-03-06,-9.545833333333334,channel_5
2021-03-07,-9.701666666666666,channel_5
2021-03-08,-9.8575,channel_5
2021-03-09,-10.8675,channel_5
2021-03-10,-10.1225,channel_5
2021-03-11,-10.8925,channel_5
2021-03-12,-11.3575,channel_5
2021-03-13,-11.87875,channel_5
2021-03-14,-12.4,channel_5
2021-03-15,-13.1575,channel_5
2021-03-16,-11.6075,channel_5
2021-03-17,-11.21499,channel_5
2021-03-18,-11.6575,channel_5
2021-03-19,-11.4975,channel_5
2021-03-20,-11.2975,channel_5
2021-03-21,-11.0975,channel_5
2021-03-22,-10.8975,channel_5
2021-03-23,-10.6975,channel_5
2021-03-24,-10.87583,channel_5
2021-03-25,-11.05416,channel_5
2021-03-26,-11.23249,channel_5
2021-03-27,-11.0906175,channel_5
2021-03-28,-10.948745,channel_5
2021-03-29,-10.8068725,channel_5
2021-03-30,-10.665,channel_5
2021-03-31,-10.63166666666667,channel_5
2021-04-01,-10.59833333333333,channel_5
2021-04-02,-10.565,channel_5
2021-04-03,-10.4493725,channel_5
2021-04-04,-10.333745,channel_5
2021-04-05,-10.2181175,channel_5
2021-04-06,-10.10249,channel_5
2021-04-07,-10.42832666666667,channel_5
2021-04-08,-10.75416333333333,channel_5
2021-04-09,-11.08,channel_5
2021-04-10,-11.16781125,channel_5
2021-04-11,-11.2556225,channel_5
2021-04-12,-11.34343375,channel_5
2021-04-13,-11.431245,channel_5
2021-04-14,-11.87416333333333,channel_5
2021-04-15,-12.31708166666667,channel_5
2021-04-16,-12.76,channel_5
2021-04-17,-13.711245,channel_5
2021-04-18,-14.66249,channel_5
2021-04-19,-16.56749,channel_5
2021-04-20,-15.7025,channel_5
2021-04-21,-17.1075,channel_5
2021-04-22,-15.5275,channel_5
2021-04-23,-14.3275,channel_5
2021-04-24,-14.225,channel_5
2021-04-25,-13.54999,channel_5
2021-04-26,-12.6675,channel_5
2021-04-27,-12.39249,channel_5
2021-04-28,-12.1525,channel_5
2021-04-29,-12.48625,channel_5
2021-04-30,-12.82,channel_5
2021-05-01,-12.845,channel_5
2021-05-02,-12.87,channel_5
2021-05-03,-12.895,channel_5
2021-05-04,-12.92,channel_5
2021-05-05,-12.94666666666667,channel_5
2021-05-06,-12.97333333333333,channel_5
2021-05-07,-13.0,channel_5
2021-05-08,-13.05375,channel_5
2021-05-09,-13.1075,channel_5
2021-05-10,-13.16125,channel_5
2021-05-11,-13.215,channel_5
2021-05-12,-13.13,channel_5
2021-05-13,-13.045,channel_5
2021-05-14,-12.96,channel_5
2021-05-15,-12.875,channel_5
2021-05-16,-12.79,channel_5
2021-05-17,-12.705,channel_5
2021-05-18,-12.62,channel_5
2021-05-19,-12.50333333333333,channel_5
2021-05-20,-12.38666666666667,channel_5
2021-05-21,-12.27,channel_5
2021-05-22,-12.5,channel_5
2021-05-23,-12.73,channel_5
2021-05-24,-12.67,channel_5
2021-05-25,-12.12,channel_5
2021-05-26,-12.89,channel_5
2021-05-27,-13.12,channel_5
2021-05-28,-13.03,channel_5
2021-05-29,-13.01,channel_5
2021-05-30,-12.99,channel_5
2021-05-31,-12.97,channel_5
2021-06-01,-12.95,channel_5
2021-06-02,-13.12,channel_5
2021-06-03,-13.29,channel_5
2021-06-04,-13.46,channel_5
2021-06-05,-13.3802075,channel_5
2021-06-06,-13.300415,channel_5
2021-06-07,-13.2206225,channel_5
2021-06-08,-13.14083,channel_5
2021-06-09,-13.27722,channel_5
2021-06-10,-13.41361,channel_5
2021-06-11,-13.55,channel_5
2021-06-12,-13.5975,channel_5
2021-06-13,-13.645,channel_5
2021-06-14,-13.6925,channel_5
2021-06-15,-13.74,channel_5
2021-06-16,-13.74935,channel_5
2021-06-17,-13.7587,channel_5
2021-06-18,-13.76805,channel_5
2021-06-19,-13.95261428571429,channel_5
2021-06-20,-14.13717857142857,channel_5
2021-06-21,-14.32174285714286,channel_5
2021-06-22,-14.50630714285714,channel_5
2021-06-23,-14.69087142857143,channel_5
2021-06-24,-14.87543571428571,channel_5
2021-06-25,-15.06,channel_5
2021-06-26,-14.79,channel_5
2021-06-27,-14.52,channel_5
2021-06-28,-14.25,channel_5
2021-06-29,-13.98,channel_5
2021-06-30,-14.04,channel_5
2021-07-01,-14.21,channel_5
2021-07-02,-14.38,channel_5
2021-07-03,-15.06,channel_5
2021-07-04,-14.94,channel_5
2021-07-05,-14.905,channel_5
2021-07-06,-14.87,channel_5
2021-07-07,-15.29,channel_5
2021-07-08,-15.96,channel_5
2021-07-09,-14.99,channel_5
2021-07-10,-15.65,channel_5
2021-07-11,-16.31,channel_5
2021-07-12,-15.985,channel_5
2021-07-13,-15.66,channel_5
2021-07-14,-15.075,channel_5
2021-07-15,-14.49,channel_5
2021-07-16,-15.74,channel_5
2021-07-17,-16.36,channel_5
2021-07-18,-16.97,channel_5
2021-07-19,-17.085,channel_5
2021-07-20,-17.2,channel_5
2021-07-21,-17.19375,channel_5
2021-07-22,-17.1875,channel_5
2021-07-23,-17.18125,channel_5
2021-07-24,-17.175,channel_5
2021-07-25,-17.16875,channel_5
2021-07-26,-17.1625,channel_5
2021-07-27,-17.15625,channel_5
2021-07-28,-17.15,channel_5
2021-07-29,-17.445,channel_5
2021-07-30,-17.74,channel_5
2021-07-31,-17.7375,channel_5
2021-08-01,-17.735,channel_5
2021-08-02,-17.7325,channel_5
2021-08-03,-17.73,channel_5
2021-08-04,-17.91666666666667,channel_5
2021-08-05,-18.10333333333333,channel_5
2021-08-06,-18.29,channel_5
2021-08-07,-18.34,channel_5
2021-08-08,-18.39,channel_5
2021-08-09,-18.44,channel_5
2021-08-10,-18.49,channel_5
2021-08-11,-18.59333333333333,channel_5
2021-08-12,-18.69666666666667,channel_5
2021-08-13,-18.8,channel_5
2021-08-14,-18.90125,channel_5
2021-08-15,-19.0025,channel_5
2021-08-16,-19.10375,channel_5
2021-08-17,-19.205,channel_5
2021-08-18,-19.34,channel_5
2021-08-19,-19.475,channel_5
2021-08-20,-19.61,channel_5
2021-08-21,-19.48,channel_5
2021-08-22,-19.35,channel_5
2021-08-23,-19.22,channel_5
2021-08-24,-19.09,channel_5
2021-08-25,-19.29333333333333,channel_5
2021-08-26,-19.49666666666667,channel_5
2021-08-27,-19.7,channel_5
2021-08-28,-19.6775,channel_5
2021-08-29,-19.655,channel_5
2021-08-30,-19.6325,channel_5
2021-08-31,-19.61,channel_5
2021-09-01,-19.94666666666667,channel_5
2021-09-02,-20.28333333333333,channel_5
2021-09-03,-20.62,channel_5
2021-09-04,-20.525,channel_5
2021-09-05,-20.43,channel_5
2021-09-06,-20.335,channel_5
2021-09-07,-20.24,channel_5
2021-09-08,-20.22666666666667,channel_5
2021-09-09,-20.21333333333333,channel_5
2021-09-10,-20.2,channel_5
2021-09-11,-20.344,channel_5
2021-09-12,-20.488,channel_5
2021-09-13,-20.632,channel_5
2021-09-14,-20.776,channel_5
2021-09-15,-20.92,channel_5
2021-09-16,-21.07333333333333,channel_5
2021-09-17,-21.22666666666667,channel_5
2021-09-18,-21.38,channel_5
2021-09-19,-21.27,channel_5
2021-09-20,-21.16,channel_5
2021-09-21,-21.05,channel_5
2021-09-22,-21.04,channel_5
2021-09-23,-21.03,channel_5
2021-09-24,-21.02,channel_5
2021-09-25,-20.9825,channel_5
2021-09-26,-20.945,channel_5
2021-09-27,-20.9075,channel_5
2021-09-28,-20.87,channel_5
2021-09-29,-20.81714285714286,channel_5
2021-09-30,-20.76428571428572,channel_5
2021-10-01,-20.71142857142857,channel_5
2021-10-02,-20.65857142857143,channel_5
2021-10-03,-20.60571428571428,channel_5
2021-10-04,-20.55285714285714,channel_5
2021-10-05,-20.5,channel_5
2021-10-06,-20.36666666666667,channel_5
2021-10-07,-20.23333333333333,channel_5
2021-10-08,-20.1,channel_5
2021-10-09,-20.035,channel_5
2021-10-10,-19.97,channel_5
2021-10-11,-19.905,channel_5
2021-10-12,-19.84,channel_5
2021-10-13,-19.82333333333333,channel_5
2021-10-14,-19.80666666666666,channel_5
2021-10-15,-19.79,channel_5
2021-10-16,-19.9675,channel_5
2021-10-17,-20.145,channel_5
2021-10-18,-20.3225,channel_5
2021-10-19,-20.5,channel_5
2021-10-20,-20.53,channel_5
2021-10-21,-20.56,channel_5
2021-10-22,-20.59,channel_5
2021-10-23,-20.55857142857143,channel_5
2021-10-24,-20.52714285714286,channel_5
2021-10-25,-20.49571428571429,channel_5
2021-10-26,-20.46428571428572,channel_5
2021-10-27,-20.43285714285715,channel_5
2021-10-28,-20.40142857142857,channel_5
2021-10-29,-20.37,channel_5
2021-10-30,-20.43714285714286,channel_5
2021-10-31,-20.50428571428571,channel_5
2021-11-01,-20.57142857142857,channel_5
2021-11-02,-20.63857142857143,channel_5
2021-11-03,-20.70571428571429,channel_5
2021-11-04,-20.77285714285714,channel_5
2021-11-05,-20.84,channel_5
2021-11-06,-20.9325,channel_5
2021-11-07,-21.025,channel_5
2021-11-08,-21.1175,channel_5
2021-11-09,-21.21,channel_5
2021-11-10,-21.25666666666667,channel_5
2021-11-11,-21.30333333333333,channel_5
2021-11-12,-21.35,channel_5
2021-11-13,-21.33571428571429,channel_5
2021-11-14,-21.32142857142857,channel_5
2021-11-15,-21.30714285714286,channel_5
2021-11-16,-21.29285714285714,channel_5
2021-11-17,-21.27857142857143,channel_5
2021-11-18,-21.26428571428572,channel_5
2021-11-19,-21.25,channel_5
2021-11-20,-21.15142857142857,channel_5
2021-11-21,-21.05285714285714,channel_5
2021-11-22,-20.95428571428571,channel_5
2021-11-23,-20.85571428571428,channel_5
2021-11-24,-20.75714285714286,channel_5
2021-11-25,-20.65857142857143,channel_5
2021-11-26,-20.56,channel_5
2021-11-27,-20.64142857142857,channel_5
2021-11-28,-20.72285714285714,channel_5
2021-11-29,-20.80428571428571,channel_5
2021-11-30,-20.88571428571429,channel_5
2021-12-01,-20.96714285714286,channel_5
2021-12-02,-21.04857142857143,channel_5
2021-12-03,-21.13,channel_5
2021-12-04,-21.07142857142857,channel_5
2021-12-05,-21.01285714285714,channel_5
2021-12-06,-20.95428571428571,channel_5
2021-12-07,-20.89571428571428,channel_5
2021-12-08,-20.83714285714285,channel_5
2021-12-09,-20.77857142857143,channel_5
2021-12-10,-20.72,channel_5
2021-12-11,-20.795,channel_5
2020-11-01,0.0,channel_6
2020-11-02,0.0,channel_6
2020-11-03,1.53916,channel_6
2020-11-04,2.08666,channel_6
2020-11-05,0.40416,channel_6
2020-11-06,0.56916,channel_6
2020-11-07,0.80166,channel_6
2020-11-08,0.08166,channel_6
2020-11-09,0.82416,channel_6
2020-11-10,1.97166,channel_6
2020-11-11,1.72916,channel_6
2020-11-12,1.73416,channel_6
2020-11-13,1.10166,channel_6
2020-11-14,1.96166,channel_6
2020-11-15,1.52666,channel_6
2020-11-16,1.62416,channel_6
2020-11-17,2.02416,channel_6
2020-11-18,1.47916,channel_6
2020-11-19,1.90416,channel_6
2020-11-20,1.76666,channel_6
2020-11-21,1.26166,channel_6
2020-11-22,1.41916,channel_6
2020-11-23,1.71916,channel_6
2020-11-24,2.05166,channel_6
2020-11-25,2.72916,channel_6
2020-11-26,2.96166,channel_6
2020-11-27,2.60666,channel_6
2020-11-28,2.25166,channel_6
2020-11-29,1.66416,channel_6
2020-11-30,2.23666,channel_6
2020-12-01,3.00416,channel_6
2020-12-02,3.57916,channel_6
2020-12-03,3.78666,channel_6
2020-12-04,3.47916,channel_6
2020-12-05,3.19666,channel_6
2020-12-06,3.28666,channel_6
2020-12-07,3.26166,channel_6
2020-12-08,3.76916,channel_6
2020-12-09,3.63166,channel_6
2020-12-10,3.97416,channel_6
2020-12-11,4.27666,channel_6
2020-12-12,4.69416,channel_6
2020-12-13,4.31916,channel_6
2020-12-14,3.91166,channel_6
2020-12-15,3.92916,channel_6
2020-12-16,4.43666,channel_6
2020-12-17,4.28416,channel_6
2020-12-18,4.68166,channel_6
2020-12-19,4.04416,channel_6
2020-12-20,4.78166,channel_6
2020-12-21,5.40416,channel_6
2020-12-22,3.78166,channel_6
2020-12-23,2.93916,channel_6
2020-12-24,2.90166,channel_6
2020-12-25,2.66791,channel_6
2020-12-26,2.43416,channel_6
2020-12-27,3.40416,channel_6
2020-12-28,3.38416,channel_6
2020-12-29,3.06666,channel_6
2020-12-30,3.03166,channel_6
2020-12-31,3.37166,channel_6
2021-01-01,3.90916,channel_6
2021-01-02,4.41166,channel_6
2021-01-03,4.86416,channel_6
2021-01-04,4.55666,channel_6
2021-01-05,4.42166,channel_6
2021-01-06,3.74416,channel_6
2021-01-07,3.19166,channel_6
2021-01-08,4.26916,channel_6
2021-01-09,4.21416,channel_6
2021-01-10,4.23166,channel_6
2021-01-11,2.89166,channel_6
2021-01-12,1.92666,channel_6
2021-01-13,2.80916,channel_6
2021-01-14,2.62666,channel_6
2021-01-15,1.47166,channel_6
2021-01-16,0.83666,channel_6
2021-01-17,0.68166,channel_6
2021-01-18,-0.11333,channel_6
2021-01-19,-0.23833,channel_6
2021-01-20,-0.20083,channel_6
2021-01-21,0.10166,channel_6
2021-01-22,0.49166,channel_6
2021-01-23,0.59666,channel_6
2021-01-24,0.89166,channel_6
2021-01-25,0.02666,channel_6
2021-01-26,0.31416,channel_6
2021-01-27,-0.15833,channel_6
2021-01-28,-0.25083,channel_6
2021-01-29,-0.62333,channel_6
2021-01-30,-0.72333,channel_6
2021-01-31,-0.8233300000000001,channel_6
2021-02-01,-0.9233300000000001,channel_6
2021-02-02,-1.02333,channel_6
2021-02-03,-1.159996666666667,channel_6
2021-02-04,-1.296663333333333,channel_6
2021-02-05,-1.43333,channel_6
2021-02-06,-1.462705,channel_6
2021-02-07,-1.49208,channel_6
2021-02-08,-1.521455,channel_6
2021-02-09,-1.55083,channel_6
2021-02-10,-1.54833,channel_6
2021-02-11,-1.54583,channel_6
2021-02-12,-1.54333,channel_6
2021-02-13,-1.54083,channel_6
2021-02-14,-1.53833,channel_6
2021-02-15,-1.53583,channel_6
2021-02-16,-1.53333,channel_6
2021-02-17,-1.456663333333333,channel_6
2021-02-18,-1.379996666666667,channel_6
2021-02-19,-1.30333,channel_6
2021-02-20,-1.268955,channel_6
2021-02-21,-1.23458,channel_6
2021-02-22,-1.200205,channel_6
2021-02-23,-1.16583,channel_6
2021-02-24,-1.147496666666667,channel_6
2021-02-25,-1.129163333333333,channel_6
2021-02-26,-1.11083,channel_6
2021-02-27,-1.216455,channel_6
2021-02-28,-1.32208,channel_6
2021-03-01,-1.427705,channel_6
2021-03-02,-1.53333,channel_6
2021-03-03,-1.999996666666667,channel_6
2021-03-04,-2.466663333333333,channel_6
2021-03-05,-2.93333,channel_6
2021-03-06,-2.977496666666667,channel_6
2021-03-07,-3.021663333333334,channel_6
2021-03-08,-3.06583,channel_6
2021-03-09,-3.54583,channel_6
2021-03-10,-3.29583,channel_6
2021-03-11,-3.73583,channel_6
2021-03-12,-4.62583,channel_6
2021-03-13,-5.03958,channel_6
2021-03-14,-5.45333,channel_6
2021-03-15,-6.14083,channel_6
2021-03-16,-5.08083,channel_6
2021-03-17,-4.60333,channel_6
2021-03-18,-4.42583,channel_6
2021-03-19,-4.90583,channel_6
2021-03-20,-4.68583,channel_6
2021-03-21,-4.46583,channel_6
2021-03-22,-4.24583,channel_6
2021-03-23,-4.02583,channel_6
2021-03-24,-4.10083,channel_6
2021-03-25,-4.175829999999999,channel_6
2021-03-26,-4.25083,channel_6
2021-03-27,-4.142704999999999,channel_6
2021-03-28,-4.03458,channel_6
2021-03-29,-3.926455,channel_6
2021-03-30,-3.81833,channel_6
2021-03-31,-3.90333,channel_6
2021-04-01,-3.98833,channel_6
2021-04-02,-4.07333,channel_6
2021-04-03,-4.007705000000001,channel_6
2021-04-04,-3.94208,channel_6
2021-04-05,-3.876455,channel_6
2021-04-06,-3.81083,channel_6
2021-04-07,-4.14083,channel_6
2021-04-08,-4.47083,channel_6
2021-04-09,-4.80083,channel_6
2021-04-10,-4.871767500000001,channel_6
2021-04-11,-4.942705,channel_6
2021-04-12,-5.0136425,channel_6
2021-04-13,-5.08458,channel_6
2021-04-14,-5.509163333333333,channel_6
2021-04-15,-5.933746666666666,channel_6
2021-04-16,-6.35833,channel_6
2021-04-17,-7.17708,channel_6
2021-04-18,-7.99583,channel_6
2021-04-19,-9.17583,channel_6
2021-04-20,-7.99083,channel_6
2021-04-21,-9.56083,channel_6
2021-04-22,-8.42083,channel_6
2021-04-23,-7.49083,channel_6
2021-04-24,-6.89333,channel_6
2021-04-25,-5.98833,channel_6
2021-04-26,-5.37083,channel_6
2021-04-27,-5.02583,channel_6
2021-04-28,-4.66583,channel_6
2021-04-29,-5.29208,channel_6
2021-04-30,-5.91833,channel_6
2021-05-01,-5.78708,channel_6
2021-05-02,-5.65583,channel_6
2021-05-03,-5.52458,channel_6
2021-05-04,-5.39333,channel_6
2021-05-05,-5.541663333333333,channel_6
2021-05-06,-5.689996666666667,channel_6
2021-05-07,-5.83833,channel_6
2021-05-08,-5.87458,channel_6
2021-05-09,-5.91083,channel_6
2021-05-10,-5.94708,channel_6
2021-05-11,-5.98333,channel_6
2021-05-12,-5.851425714285714,channel_6
2021-05-13,-5.719521428571428,channel_6
2021-05-14,-5.587617142857143,channel_6
2021-05-15,-5.455712857142856,channel_6
2021-05-16,-5.323808571428571,channel_6
2021-05-17,-5.191904285714285,channel_6
2021-05-18,-5.06,channel_6
2021-05-19,-4.936666666666667,channel_6
2021-05-20,-4.813333333333333,channel_6
2021-05-21,-4.69,channel_6
2021-05-22,-4.855,channel_6
2021-05-23,-5.02,channel_6
2021-05-24,-4.41,channel_6
2021-05-25,-4.54,channel_6
2021-05-26,-3.7,channel_6
2021-05-27,-3.13,channel_6
2021-05-28,-3.73,channel_6
2021-05-29,-3.87,channel_6
2021-05-30,-4.01,channel_6
2021-05-31,-4.15,channel_6
2021-06-01,-4.29,channel_6
2021-06-02,-4.32,channel_6
2021-06-03,-4.35,channel_6
2021-06-04,-4.38,channel_6
2021-06-05,-4.22354,channel_6
2021-06-06,-4.06708,channel_6
2021-06-07,-3.91062,channel_6
2021-06-08,-3.75416,channel_6
2021-06-09,-3.996106666666667,channel_6
2021-06-10,-4.238053333333333,channel_6
2021-06-11,-4.48,channel_6
2021-06-12,-4.3875,channel_6
2021-06-13,-4.295,channel_6
2021-06-14,-4.202500000000001,channel_6
2021-06-15,-4.11,channel_6
2021-06-16,-4.333793333333333,channel_6
2021-06-17,-4.557586666666667,channel_6
2021-06-18,-4.78138,channel_6
2021-06-19,-4.749754285714286,channel_6
2021-06-20,-4.718128571428571,channel_6
2021-06-21,-4.686502857142857,channel_6
2021-06-22,-4.654877142857143,channel_6
2021-06-23,-4.623251428571429,channel_6
2021-06-24,-4.591625714285714,channel_6
2021-06-25,-4.56,channel_6
2021-06-26,-4.842499999999999,channel_6
2021-06-27,-5.125,channel_6
2021-06-28,-5.407500000000001,channel_6
2021-06-29,-5.69,channel_6
2021-06-30,-6.53,channel_6
2021-07-01,-6.835,channel_6
2021-07-02,-7.14,channel_6
2021-07-03,-6.82,channel_6
2021-07-04,-6.77,channel_6
2021-07-05,-6.84,channel_6
2021-07-06,-6.91,channel_6
2021-07-07,-6.61,channel_6
2021-07-08,-5.19,channel_6
2021-07-09,-4.57,channel_6
2021-07-10,-4.470000000000001,channel_6
2021-07-11,-4.37,channel_6
2021-07-12,-4.555,channel_6
2021-07-13,-4.74,channel_6
2021-07-14,-4.58,channel_6
2021-07-15,-4.42,channel_6
2021-07-16,-4.14,channel_6
2021-07-17,-4.68,channel_6
2021-07-18,-5.27,channel_6
2021-07-19,-5.005,channel_6
2021-07-20,-4.74,channel_6
2021-07-21,-4.755,channel_6
2021-07-22,-4.77,channel_6
2021-07-23,-4.785,channel_6
2021-07-24,-4.800000000000001,channel_6
2021-07-25,-4.815,channel_6
2021-07-26,-4.83,channel_6
2021-07-27,-4.845000000000001,channel_6
2021-07-28,-4.86,channel_6
2021-07-29,-5.07,channel_6
2021-07-30,-5.28,channel_6
2021-07-31,-5.2225,channel_6
2021-08-01,-5.165,channel_6
2021-08-02,-5.1075,channel_6
2021-08-03,-5.05,channel_6
2021-08-04,-5.216666666666667,channel_6
2021-08-05,-5.383333333333333,channel_6
2021-08-06,-5.55,channel_6
2021-08-07,-5.8175,channel_6
2021-08-08,-6.085,channel_6
2021-08-09,-6.3525,channel_6
2021-08-10,-6.62,channel_6
2021-08-11,-6.483333333333333,channel_6
2021-08-12,-6.346666666666667,channel_6
2021-08-13,-6.21,channel_6
2021-08-14,-6.21,channel_6
2021-08-15,-6.21,channel_6
2021-08-16,-6.21,channel_6
2021-08-17,-6.21,channel_6
2021-08-18,-6.21,channel_6
2021-08-19,-6.21,channel_6
2021-08-20,-6.21,channel_6
2021-08-21,-6.2875,channel_6
2021-08-22,-6.365,channel_6
2021-08-23,-6.4425,channel_6
2021-08-24,-6.52,channel_6
2021-08-25,-6.33,channel_6
2021-08-26,-6.14,channel_6
2021-08-27,-5.95,channel_6
2021-08-28,-6.075,channel_6
2021-08-29,-6.2,channel_6
2021-08-30,-6.325,channel_6
2021-08-31,-6.45,channel_6
2021-09-01,-6.376666666666667,channel_6
2021-09-02,-6.303333333333334,channel_6
2021-09-03,-6.23,channel_6
2021-09-04,-6.0825,channel_6
2021-09-05,-5.935,channel_6
2021-09-06,-5.7875,channel_6
2021-09-07,-5.64,channel_6
2021-09-08,-5.76,channel_6
2021-09-09,-5.88,channel_6
2021-09-10,-6.0,channel_6
2021-09-11,-6.084,channel_6
2021-09-12,-6.168,channel_6
2021-09-13,-6.252,channel_6
2021-09-14,-6.336,channel_6
2021-09-15,-6.42,channel_6
2021-09-16,-6.236666666666666,channel_6
2021-09-17,-6.053333333333334,channel_6
2021-09-18,-5.87,channel_6
2021-09-19,-6.093333333333334,channel_6
2021-09-20,-6.316666666666666,channel_6
2021-09-21,-6.54,channel_6
2021-09-22,-6.653333333333333,channel_6
2021-09-23,-6.766666666666667,channel_6
2021-09-24,-6.88,channel_6
2021-09-25,-6.97,channel_6
2021-09-26,-7.06,channel_6
2021-09-27,-7.15,channel_6
2021-09-28,-7.24,channel_6
2021-09-29,-7.314285714285714,channel_6
2021-09-30,-7.388571428571429,channel_6
2021-10-01,-7.462857142857143,channel_6
2021-10-02,-7.537142857142857,channel_6
2021-10-03,-7.611428571428571,channel_6
2021-10-04,-7.685714285714285,channel_6
2021-10-05,-7.76,channel_6
2021-10-06,-7.79,channel_6
2021-10-07,-7.819999999999999,channel_6
2021-10-08,-7.85,channel_6
2021-10-09,-7.9275,channel_6
2021-10-10,-8.004999999999999,channel_6
2021-10-11,-8.0825,channel_6
2021-10-12,-8.16,channel_6
2021-10-13,-8.076666666666666,channel_6
2021-10-14,-7.993333333333333,channel_6
2021-10-15,-7.91,channel_6
2021-10-16,-7.85,channel_6
2021-10-17,-7.79,channel_6
2021-10-18,-7.73,channel_6
2021-10-19,-7.67,channel_6
2021-10-20,-8.073333333333334,channel_6
2021-10-21,-8.476666666666667,channel_6
2021-10-22,-8.88,channel_6
2021-10-23,-8.832857142857144,channel_6
2021-10-24,-8.785714285714286,channel_6
2021-10-25,-8.73857142857143,channel_6
2021-10-26,-8.691428571428572,channel_6
2021-10-27,-8.644285714285715,channel_6
2021-10-28,-8.597142857142858,channel_6
2021-10-29,-8.55,channel_6
2021-10-30,-8.621428571428572,channel_6
2021-10-31,-8.692857142857143,channel_6
2021-11-01,-8.764285714285714,channel_6
2021-11-02,-8.835714285714287,channel_6
2021-11-03,-8.907142857142858,channel_6
2021-11-04,-8.97857142857143,channel_6
2021-11-05,-9.05,channel_6
2021-11-06,-9.1575,channel_6
2021-11-07,-9.265,channel_6
2021-11-08,-9.3725,channel_6
2021-11-09,-9.48,channel_6
2021-11-10,-9.46,channel_6
2021-11-11,-9.44,channel_6
2021-11-12,-9.42,channel_6
2021-11-13,-9.427142857142858,channel_6
2021-11-14,-9.434285714285714,channel_6
2021-11-15,-9.441428571428572,channel_6
2021-11-16,-9.448571428571428,channel_6
2021-11-17,-9.455714285714286,channel_6
2021-11-18,-9.462857142857143,channel_6
2021-11-19,-9.47,channel_6
2021-11-20,-9.505714285714287,channel_6
2021-11-21,-9.541428571428572,channel_6
2021-11-22,-9.577142857142858,channel_6
2021-11-23,-9.612857142857143,channel_6
2021-11-24,-9.64857142857143,channel_6
2021-11-25,-9.684285714285714,channel_6
2021-11-26,-9.72,channel_6
2021-11-27,-9.76,channel_6
2021-11-28,-9.8,channel_6
2021-11-29,-9.84,channel_6
2021-11-30,-9.88,channel_6
2021-12-01,-9.92,channel_6
2021-12-02,-9.96,channel_6
2021-12-03,-10.0,channel_6
2021-12-04,-10.03571428571429,channel_6
2021-12-05,-10.07142857142857,channel_6
2021-12-06,-10.10714285714286,channel_6
2021-12-07,-10.14285714285714,channel_6
2021-12-08,-10.17857142857143,channel_6
2021-12-09,-10.21428571428571,channel_6
2021-12-10,-10.25,channel_6
2021-12-11,-10.28571428571429,channel_6
2020-11-01,0.27,channel_7
2020-11-02,-1.29,channel_7
2020-11-03,-2.84,channel_7
2020-11-04,-3.27,channel_7
2020-11-05,-4.81,channel_7
2020-11-06,-4.68,channel_7
2020-11-07,-4.83,channel_7
2020-11-08,-4.77,channel_7
2020-11-09,-4.86,channel_7
2020-11-10,-4.68,channel_7
2020-11-11,-4.39,channel_7
2020-11-12,-4.51,channel_7
2020-11-13,-4.35,channel_7
2020-11-14,-3.71,channel_7
2020-11-15,-4.26,channel_7
2020-11-16,-4.92,channel_7
2020-11-17,-4.43,channel_7
2020-11-18,-4.21,channel_7
2020-11-19,-4.04,channel_7
2020-11-20,-3.92,channel_7
2020-11-21,-4.21,channel_7
2020-11-22,-4.34,channel_7
2020-11-23,-4.42,channel_7
2020-11-24,-4.55,channel_7
2020-11-25,-4.71,channel_7
2020-11-26,-4.72,channel_7
2020-11-27,-4.475,channel_7
2020-11-28,-4.23,channel_7
2020-11-29,-4.34,channel_7
2020-11-30,-3.36,channel_7
2020-12-01,-2.89,channel_7
2020-12-02,-3.64,channel_7
2020-12-03,-3.78,channel_7
2020-12-04,-3.34,channel_7
2020-12-05,-3.02,channel_7
2020-12-06,-3.0,channel_7
2020-12-07,-2.88,channel_7
2020-12-08,-2.82,channel_7
2020-12-09,-2.76,channel_7
2020-12-10,-2.4,channel_7
2020-12-11,-2.69,channel_7
2020-12-12,-3.88,channel_7
2020-12-13,-3.79,channel_7
2020-12-14,-3.64,channel_7
2020-12-15,-5.39,channel_7
2020-12-16,-5.47,channel_7
2020-12-17,-6.11,channel_7
2020-12-18,-7.75,channel_7
2020-12-19,-8.33,channel_7
2020-12-20,-8.45,channel_7
2020-12-21,-8.07,channel_7
2020-12-22,-9.76,channel_7
2020-12-23,-10.78,channel_7
2020-12-24,-12.11,channel_7
2020-12-25,-13.74,channel_7
2020-12-26,-15.37,channel_7
2020-12-27,-13.87,channel_7
2020-12-28,-15.33,channel_7
2020-12-29,-15.85,channel_7
2020-12-30,-16.47,channel_7
2020-12-31,-16.2,channel_7
2021-01-01,-15.78,channel_7
2021-01-02,-17.55,channel_7
2021-01-03,-18.7,channel_7
2021-01-04,-20.18,channel_7
2021-01-05,-21.71,channel_7
2021-01-06,-23.01,channel_7
2021-01-07,-23.7,channel_7
2021-01-08,-25.57,channel_7
2021-01-09,-25.41,channel_7
2021-01-10,-25.66,channel_7
2021-01-11,-27.23,channel_7
2021-01-12,-27.6,channel_7
2021-01-13,-29.21,channel_7
2021-01-14,-29.7,channel_7
2021-01-15,-31.2,channel_7
2021-01-16,-31.3,channel_7
2021-01-17,-31.68,channel_7
2021-01-18,-31.94,channel_7
2021-01-19,-33.32,channel_7
2021-01-20,-33.22,channel_7
2021-01-21,-33.29,channel_7
2021-01-22,-35.19,channel_7
2021-01-23,-35.86,channel_7
2021-01-24,-36.17,channel_7
2021-01-25,-34.93,channel_7
2021-01-26,-35.13,channel_7
2021-01-27,-34.99,channel_7
2021-01-28,-35.7,channel_7
2021-01-29,-36.27,channel_7
2021-01-30,-36.49,channel_7
2021-01-31,-36.71,channel_7
2021-02-01,-36.93,channel_7
2021-02-02,-37.15,channel_7
2021-02-03,-37.37,channel_7
2021-02-04,-37.59,channel_7
2021-02-05,-37.81,channel_7
2021-02-06,-37.94750000000001,channel_7
2021-02-07,-38.085,channel_7
2021-02-08,-38.2225,channel_7
2021-02-09,-38.36,channel_7
2021-02-10,-38.33857142857143,channel_7
2021-02-11,-38.31714285714285,channel_7
2021-02-12,-38.29571428571428,channel_7
2021-02-13,-38.27428571428572,channel_7
2021-02-14,-38.25285714285715,channel_7
2021-02-15,-38.23142857142857,channel_7
2021-02-16,-38.21,channel_7
2021-02-17,-38.26,channel_7
2021-02-18,-38.31,channel_7
2021-02-19,-38.36,channel_7
2021-02-20,-38.39,channel_7
2021-02-21,-38.42,channel_7
2021-02-22,-38.45,channel_7
2021-02-23,-38.48,channel_7
2021-02-24,-38.59666666666666,channel_7
2021-02-25,-38.71333333333333,channel_7
2021-02-26,-38.83,channel_7
2021-02-27,-39.03749999999999,channel_7
2021-02-28,-39.245,channel_7
2021-03-01,-39.4525,channel_7
2021-03-02,-39.66,channel_7
2021-03-03,-40.17333333333333,channel_7
2021-03-04,-40.68666666666667,channel_7
2021-03-05,-41.2,channel_7
2021-03-06,-41.72666666666667,channel_7
2021-03-07,-42.25333333333334,channel_7
2021-03-08,-42.78,channel_7
2021-03-09,-43.24,channel_7
2021-03-10,-44.38,channel_7
2021-03-11,-45.11,channel_7
2021-03-12,-46.5,channel_7
2021-03-13,-46.79,channel_7
2021-03-14,-47.08,channel_7
2021-03-15,-47.34,channel_7
2021-03-16,-45.72,channel_7
2021-03-17,-46.5,channel_7
2021-03-18,-46.66,channel_7
2021-03-19,-45.45,channel_7
2021-03-20,-44.845,channel_7
2021-03-21,-44.24,channel_7
2021-03-22,-43.63500000000001,channel_7
2021-03-23,-43.03,channel_7
2021-03-24,-42.56,channel_7
2021-03-25,-42.09,channel_7
2021-03-26,-41.62,channel_7
2021-03-27,-41.6525,channel_7
2021-03-28,-41.685,channel_7
2021-03-29,-41.7175,channel_7
2021-03-30,-41.75,channel_7
2021-03-31,-41.81333333333333,channel_7
2021-04-01,-41.87666666666667,channel_7
2021-04-02,-41.94,channel_7
2021-04-03,-41.4425,channel_7
2021-04-04,-40.945,channel_7
2021-04-05,-40.44750000000001,channel_7
2021-04-06,-39.95,channel_7
2021-04-07,-39.72833333333333,channel_7
2021-04-08,-39.50666666666667,channel_7
2021-04-09,-39.285,channel_7
2021-04-10,-39.0925,channel_7
2021-04-11,-38.9,channel_7
2021-04-12,-38.7075,channel_7
2021-04-13,-38.515,channel_7
2021-04-14,-38.03666666666667,channel_7
2021-04-15,-37.55833333333333,channel_7
2021-04-16,-37.08,channel_7
2021-04-17,-38.035,channel_7
2021-04-18,-38.99,channel_7
2021-04-19,-40.14,channel_7
2021-04-20,-40.75,channel_7
2021-04-21,-42.16,channel_7
2021-04-22,-40.38,channel_7
2021-04-23,-39.28,channel_7
2021-04-24,-38.7,channel_7
2021-04-25,-38.3,channel_7
2021-04-26,-38.85,channel_7
2021-04-27,-38.15,channel_7
2021-04-28,-36.87,channel_7
2021-04-29,-36.745,channel_7
2021-04-30,-36.62,channel_7
2021-05-01,-36.785,channel_7
2021-05-02,-36.95,channel_7
2021-05-03,-37.115,channel_7
2021-05-04,-37.28,channel_7
2021-05-05,-37.43333333333334,channel_7
2021-05-06,-37.58666666666667,channel_7
2021-05-07,-37.74,channel_7
2021-05-08,-37.5825,channel_7
2021-05-09,-37.425,channel_7
2021-05-10,-37.2675,channel_7
2021-05-11,-37.11,channel_7
2021-05-12,-37.24857142857143,channel_7
2021-05-13,-37.38714285714286,channel_7
2021-05-14,-37.52571428571429,channel_7
2021-05-15,-37.66428571428571,channel_7
2021-05-16,-37.80285714285714,channel_7
2021-05-17,-37.94142857142857,channel_7
2021-05-18,-38.08,channel_7
2021-05-19,-38.02,channel_7
2021-05-20,-37.96,channel_7
2021-05-21,-37.9,channel_7
2021-05-22,-38.01,channel_7
2021-05-23,-38.12,channel_7
2021-05-24,-37.22,channel_7
2021-05-25,-37.34,channel_7
2021-05-26,-36.37,channel_7
2021-05-27,-35.21,channel_7
2021-05-28,-35.55,channel_7
2021-05-29,-35.39749999999999,channel_7
2021-05-30,-35.245,channel_7
2021-05-31,-35.0925,channel_7
2021-06-01,-34.94,channel_7
2021-06-02,-34.90666666666667,channel_7
2021-06-03,-34.87333333333333,channel_7
2021-06-04,-34.84,channel_7
2021-06-05,-34.78125,channel_7
2021-06-06,-34.7225,channel_7
2021-06-07,-34.66375,channel_7
2021-06-08,-34.605,channel_7
2021-06-09,-34.94,channel_7
2021-06-10,-35.275,channel_7
2021-06-11,-35.61,channel_7
2021-06-12,-35.62,channel_7
2021-06-13,-35.63,channel_7
2021-06-14,-35.64,channel_7
2021-06-15,-35.65,channel_7
2021-06-16,-35.93490666666666,channel_7
2021-06-17,-36.21981333333333,channel_7
2021-06-18,-36.50472,channel_7
2021-06-19,-36.51261714285715,channel_7
2021-06-20,-36.52051428571428,channel_7
2021-06-21,-36.52841142857143,channel_7
2021-06-22,-36.53630857142857,channel_7
2021-06-23,-36.54420571428572,channel_7
2021-06-24,-36.55210285714286,channel_7
2021-06-25,-36.56,channel_7
2021-06-26,-36.6575,channel_7
2021-06-27,-36.755,channel_7
2021-06-28,-36.85250000000001,channel_7
2021-06-29,-36.95,channel_7
2021-06-30,-37.46,channel_7
2021-07-01,-37.28,channel_7
2021-07-02,-37.1,channel_7
2021-07-03,-37.49,channel_7
2021-07-04,-38.06,channel_7
2021-07-05,-38.02500000000001,channel_7
2021-07-06,-37.99,channel_7
2021-07-07,-38.59,channel_7
2021-07-08,-38.93,channel_7
2021-07-09,-38.08,channel_7
2021-07-10,-38.145,channel_7
2021-07-11,-38.21,channel_7
2021-07-12,-38.905,channel_7
2021-07-13,-39.6,channel_7
2021-07-14,-39.52500000000001,channel_7
2021-07-15,-39.45,channel_7
2021-07-16,-38.97,channel_7
2021-07-17,-39.11,channel_7
2021-07-18,-39.83,channel_7
2021-07-19,-40.05,channel_7
2021-07-20,-40.27,channel_7
2021-07-21,-40.52375,channel_7
2021-07-22,-40.7775,channel_7
2021-07-23,-41.03125,channel_7
2021-07-24,-41.285,channel_7
2021-07-25,-41.53875,channel_7
2021-07-26,-41.7925,channel_7
2021-07-27,-42.04625,channel_7
2021-07-28,-42.3,channel_7
2021-07-29,-42.25,channel_7
2021-07-30,-42.2,channel_7
2021-07-31,-42.1225,channel_7
2021-08-01,-42.045,channel_7
2021-08-02,-41.9675,channel_7
2021-08-03,-41.89,channel_7
2021-08-04,-42.00666666666667,channel_7
2021-08-05,-42.12333333333333,channel_7
2021-08-06,-42.24,channel_7
2021-08-07,-42.27500000000001,channel_7
2021-08-08,-42.31,channel_7
2021-08-09,-42.345,channel_7
2021-08-10,-42.38,channel_7
2021-08-11,-42.44333333333334,channel_7
2021-08-12,-42.50666666666667,channel_7
2021-08-13,-42.57,channel_7
2021-08-14,-45.48875,channel_7
2021-08-15,-48.4075,channel_7
2021-08-16,-51.32625,channel_7
2021-08-17,-54.245,channel_7
2021-08-18,-50.18666666666667,channel_7
2021-08-19,-46.12833333333334,channel_7
2021-08-20,-42.07,channel_7
2021-08-21,-42.1,channel_7
2021-08-22,-42.13,channel_7
2021-08-23,-42.16,channel_7
2021-08-24,-42.19,channel_7
2021-08-25,-42.04333333333333,channel_7
2021-08-26,-41.89666666666667,channel_7
2021-08-27,-41.75,channel_7
2021-08-28,-41.7175,channel_7
2021-08-29,-41.685,channel_7
2021-08-30,-41.6525,channel_7
2021-08-31,-41.62,channel_7
2021-09-01,-41.98999999999999,channel_7
2021-09-02,-42.36,channel_7
2021-09-03,-42.73,channel_7
2021-09-04,-42.9225,channel_7
2021-09-05,-43.11499999999999,channel_7
2021-09-06,-43.3075,channel_7
2021-09-07,-43.5,channel_7
2021-09-08,-43.46333333333333,channel_7
2021-09-09,-43.42666666666667,channel_7
2021-09-10,-43.39,channel_7
2021-09-11,-43.39,channel_7
2021-09-12,-43.39,channel_7
2021-09-13,-43.39,channel_7
2021-09-14,-43.39,channel_7
2021-09-15,-43.39,channel_7
2021-09-16,-43.25666666666667,channel_7
2021-09-17,-43.12333333333333,channel_7
2021-09-18,-42.99,channel_7
2021-09-19,-43.14,channel_7
2021-09-20,-43.29,channel_7
2021-09-21,-43.44,channel_7
2021-09-22,-43.37,channel_7
2021-09-23,-43.3,channel_7
2021-09-24,-43.23,channel_7
2021-09-25,-43.1825,channel_7
2021-09-26,-43.135,channel_7
2021-09-27,-43.0875,channel_7
2021-09-28,-43.04,channel_7
2021-09-29,-42.93857142857143,channel_7
2021-09-30,-42.83714285714286,channel_7
2021-10-01,-42.73571428571429,channel_7
2021-10-02,-42.63428571428571,channel_7
2021-10-03,-42.53285714285714,channel_7
2021-10-04,-42.43142857142857,channel_7
2021-10-05,-42.33,channel_7
2021-10-06,-42.31,channel_7
2021-10-07,-42.29,channel_7
2021-10-08,-42.27,channel_7
2021-10-09,-42.45,channel_7
2021-10-10,-42.81,channel_7
2021-10-11,-42.28,channel_7
2021-10-12,-42.51,channel_7
2021-10-13,-42.76333333333334,channel_7
2021-10-14,-43.01666666666667,channel_7
2021-10-15,-43.27,channel_7
2021-10-16,-43.27285714285715,channel_7
2021-10-17,-43.27571428571429,channel_7
2021-10-18,-43.27857142857143,channel_7
2021-10-19,-43.28142857142857,channel_7
2021-10-20,-43.28428571428572,channel_7
2021-10-21,-43.28714285714285,channel_7
2021-10-22,-43.29,channel_7
2021-10-23,-43.29,channel_7
2021-10-24,-43.29,channel_7
2021-10-25,-43.29,channel_7
2021-10-26,-43.17,channel_7
2021-10-27,-42.55,channel_7
2021-10-28,-43.08,channel_7
2021-10-29,-44.98,channel_7
2021-10-30,-45.98,channel_7
2021-10-31,-45.62,channel_7
2021-11-01,-45.42,channel_7
2021-11-02,-46.02,channel_7
2021-11-03,-45.99666666666667,channel_7
2021-11-04,-45.97333333333334,channel_7
2021-11-05,-45.95,channel_7
2021-11-06,-46.015,channel_7
2021-11-07,-46.08,channel_7
2021-11-08,-46.145,channel_7
2021-11-09,-46.21,channel_7
2021-11-10,-46.53,channel_7
2021-11-11,-46.85,channel_7
2021-11-12,-47.17,channel_7
2021-11-13,-47.175,channel_7
2021-11-14,-47.18,channel_7
2021-11-15,-47.33,channel_7
2021-11-16,-47.48,channel_7
2021-11-17,-47.42666666666666,channel_7
2021-11-18,-47.37333333333333,channel_7
2021-11-19,-47.32,channel_7
2021-11-20,-47.5175,channel_7
2021-11-21,-47.715,channel_7
2021-11-22,-47.9125,channel_7
2021-11-23,-48.11,channel_7
2021-11-24,-48.19,channel_7
2021-11-25,-48.27,channel_7
2021-11-26,-48.35,channel_7
2021-11-27,-48.53,channel_7
2021-11-28,-48.71,channel_7
2021-11-29,-48.89,channel_7
2021-11-30,-49.07,channel_7
2021-12-01,-49.25,channel_7
2021-12-02,-49.43,channel_7
2021-12-03,-49.61,channel_7
2021-12-04,-49.6675,channel_7
2021-12-05,-49.725,channel_7
2021-12-06,-49.7825,channel_7
2021-12-07,-49.84,channel_7
2021-12-08,-50.24,channel_7
2021-12-09,-50.64,channel_7
2021-12-10,-51.04,channel_7
2021-12-11,-51.0625,channel_7
2020-11-01,0.52,channel_8
2020-11-02,-0.23,channel_8
2020-11-03,0.4,channel_8
2020-11-04,-0.38,channel_8
2020-11-05,-0.48,channel_8
2020-11-06,-0.53,channel_8
2020-11-07,-0.12,channel_8
2020-11-08,-1.35,channel_8
2020-11-09,-1.64,channel_8
2020-11-10,-1.69,channel_8
2020-11-11,-0.3,channel_8
2020-11-12,-0.62,channel_8
2020-11-13,-1.22,channel_8
2020-11-14,0.05,channel_8
2020-11-15,-0.99,channel_8
2020-11-16,-0.28,channel_8
2020-11-17,0.34,channel_8
2020-11-18,-0.43,channel_8
2020-11-19,0.01,channel_8
2020-11-20,0.17,channel_8
2020-11-21,0.3,channel_8
2020-11-22,-0.29,channel_8
2020-11-23,-0.12,channel_8
2020-11-24,0.27,channel_8
2020-11-25,0.15,channel_8
2020-11-26,0.64,channel_8
2020-11-27,0.26,channel_8
2020-11-28,-0.12,channel_8
2020-11-29,0.14,channel_8
2020-11-30,0.05,channel_8
2020-12-01,0.27,channel_8
2020-12-02,-0.04,channel_8
2020-12-03,-0.48,channel_8
2020-12-04,-1.13,channel_8
2020-12-05,-0.82,channel_8
2020-12-06,-1.41,channel_8
2020-12-07,-0.82,channel_8
2020-12-08,-1.05,channel_8
2020-12-09,-1.17,channel_8
2020-12-10,-1.45,channel_8
2020-12-11,-1.05,channel_8
2020-12-12,-1.2,channel_8
2020-12-13,-1.75,channel_8
2020-12-14,-2.07,channel_8
2020-12-15,-3.25,channel_8
2020-12-16,-3.16,channel_8
2020-12-17,-2.8,channel_8
2020-12-18,-2.89,channel_8
2020-12-19,-2.94,channel_8
2020-12-20,-2.66,channel_8
2020-12-21,-3.11,channel_8
2020-12-22,-4.36,channel_8
2020-12-23,-5.27,channel_8
2020-12-24,-5.5,channel_8
2020-12-25,-6.2,channel_8
2020-12-26,-6.9,channel_8
2020-12-27,-6.25,channel_8
2020-12-28,-5.99,channel_8
2020-12-29,-7.1,channel_8
2020-12-30,-6.8,channel_8
2020-12-31,-6.66,channel_8
2021-01-01,-7.52,channel_8
2021-01-02,-7.27,channel_8
2021-01-03,-7.94,channel_8
2021-01-04,-7.69,channel_8
2021-01-05,-8.58,channel_8
2021-01-06,-8.76,channel_8
2021-01-07,-8.64,channel_8
2021-01-08,-9.9,channel_8
2021-01-09,-10.22,channel_8
2021-01-10,-9.91,channel_8
2021-01-11,-11.45,channel_8
2021-01-12,-13.04,channel_8
2021-01-13,-13.68,channel_8
2021-01-14,-13.81,channel_8
2021-01-15,-15.27,channel_8
2021-01-16,-16.54,channel_8
2021-01-17,-16.92,channel_8
2021-01-18,-17.17,channel_8
2021-01-19,-17.55,channel_8
2021-01-20,-17.94,channel_8
2021-01-21,-18.04,channel_8
2021-01-22,-16.78,channel_8
2021-01-23,-16.55,channel_8
2021-01-24,-17.21,channel_8
2021-01-25,-17.98,channel_8
2021-01-26,-17.98,channel_8
2021-01-27,-17.55,channel_8
2021-01-28,-17.4,channel_8
2021-01-29,-17.1,channel_8
2021-01-30,-17.275,channel_8
2021-01-31,-17.45,channel_8
2021-02-01,-17.625,channel_8
2021-02-02,-17.8,channel_8
2021-02-03,-18.31666666666667,channel_8
2021-02-04,-18.83333333333334,channel_8
2021-02-05,-19.35,channel_8
2021-02-06,-19.7475,channel_8
2021-02-07,-20.145,channel_8
2021-02-08,-20.5425,channel_8
2021-02-09,-20.94,channel_8
2021-02-10,-20.95714285714286,channel_8
2021-02-11,-20.97428571428571,channel_8
2021-02-12,-20.99142857142857,channel_8
2021-02-13,-21.00857142857143,channel_8
2021-02-14,-21.02571428571429,channel_8
2021-02-15,-21.04285714285714,channel_8
2021-02-16,-21.06,channel_8
2021-02-17,-21.14666666666666,channel_8
2021-02-18,-21.23333333333333,channel_8
2021-02-19,-21.32,channel_8
2021-02-20,-21.475,channel_8
2021-02-21,-21.63,channel_8
2021-02-22,-21.785,channel_8
2021-02-23,-21.94,channel_8
2021-02-24,-22.34666666666667,channel_8
2021-02-25,-22.75333333333333,channel_8
2021-02-26,-23.16,channel_8
2021-02-27,-23.295,channel_8
2021-02-28,-23.43,channel_8
2021-03-01,-23.565,channel_8
2021-03-02,-23.7,channel_8
2021-03-03,-24.06333333333333,channel_8
2021-03-04,-24.42666666666667,channel_8
2021-03-05,-24.79,channel_8
2021-03-06,-24.86333333333333,channel_8
2021-03-07,-24.93666666666667,channel_8
2021-03-08,-25.01,channel_8
2021-03-09,-25.47,channel_8
2021-03-10,-24.96,channel_8
2021-03-11,-25.48,channel_8
2021-03-12,-26.08,channel_8
2021-03-13,-26.59,channel_8
2021-03-14,-27.1,channel_8
2021-03-15,-26.65,channel_8
2021-03-16,-25.27,channel_8
2021-03-17,-25.12,channel_8
2021-03-18,-23.75,channel_8
2021-03-19,-25.36,channel_8
2021-03-20,-24.9175,channel_8
2021-03-21,-24.475,channel_8
2021-03-22,-24.0325,channel_8
2021-03-23,-23.59,channel_8
2021-03-24,-23.81666666666667,channel_8
2021-03-25,-24.04333333333333,channel_8
2021-03-26,-24.27,channel_8
2021-03-27,-23.94,channel_8
2021-03-28,-23.61,channel_8
2021-03-29,-23.28,channel_8
2021-03-30,-22.95,channel_8
2021-03-31,-23.32666666666666,channel_8
2021-04-01,-23.70333333333333,channel_8
2021-04-02,-24.08,channel_8
2021-04-03,-24.0175,channel_8
2021-04-04,-23.955,channel_8
2021-04-05,-23.8925,channel_8
2021-04-06,-23.83,channel_8
2021-04-07,-23.845,channel_8
2021-04-08,-23.86,channel_8
2021-04-09,-23.875,channel_8
2021-04-10,-23.70625,channel_8
2021-04-11,-23.5375,channel_8
2021-04-12,-23.36875,channel_8
2021-04-13,-23.2,channel_8
2021-04-14,-22.99,channel_8
2021-04-15,-22.78,channel_8
2021-04-16,-22.57,channel_8
2021-04-17,-22.165,channel_8
2021-04-18,-21.76,channel_8
2021-04-19,-21.12,channel_8
2021-04-20,-20.23,channel_8
2021-04-21,-20.27,channel_8
2021-04-22,-21.18,channel_8
2021-04-23,-20.64,channel_8
2021-04-24,-20.55,channel_8
2021-04-25,-19.09,channel_8
2021-04-26,-18.9,channel_8
2021-04-27,-18.78,channel_8
2021-04-28,-19.76,channel_8
2021-04-29,-20.12,channel_8
2021-04-30,-20.48,channel_8
2021-05-01,-20.7375,channel_8
2021-05-02,-20.995,channel_8
2021-05-03,-21.2525,channel_8
2021-05-04,-21.51,channel_8
2021-05-05,-20.88666666666667,channel_8
2021-05-06,-20.26333333333334,channel_8
2021-05-07,-19.64,channel_8
2021-05-08,-19.4775,channel_8
2021-05-09,-19.315,channel_8
2021-05-10,-19.1525,channel_8
2021-05-11,-18.99,channel_8
2021-05-12,-19.11714285714286,channel_8
2021-05-13,-19.24428571428571,channel_8
2021-05-14,-19.37142857142857,channel_8
2021-05-15,-19.49857142857143,channel_8
2021-05-16,-19.62571428571428,channel_8
2021-05-17,-19.75285714285714,channel_8
2021-05-18,-19.88,channel_8
2021-05-19,-19.30333333333333,channel_8
2021-05-20,-18.72666666666667,channel_8
2021-05-21,-18.15,channel_8
2021-05-22,-18.095,channel_8
2021-05-23,-18.04,channel_8
2021-05-24,-16.83,channel_8
2021-05-25,-16.73,channel_8
2021-05-26,-16.83,channel_8
2021-05-27,-15.61,channel_8
2021-05-28,-15.67,channel_8
2021-05-29,-15.4025,channel_8
2021-05-30,-15.135,channel_8
2021-05-31,-14.8675,channel_8
2021-06-01,-14.6,channel_8
2021-06-02,-14.56333333333333,channel_8
2021-06-03,-14.52666666666667,channel_8
2021-06-04,-14.49,channel_8
2021-06-05,-14.6864575,channel_8
2021-06-06,-14.882915,channel_8
2021-06-07,-15.0793725,channel_8
2021-06-08,-15.27583,channel_8
2021-06-09,-15.02722,channel_8
2021-06-10,-14.77861,channel_8
2021-06-11,-14.53,channel_8
2021-06-12,-14.51,channel_8
2021-06-13,-14.49,channel_8
2021-06-14,-14.47,channel_8
2021-06-15,-14.45,channel_8
2021-06-16,-14.37601666666667,channel_8
2021-06-17,-14.30203333333333,channel_8
2021-06-18,-14.22805,channel_8
2021-06-19,-14.20832857142857,channel_8
2021-06-20,-14.18860714285714,channel_8
2021-06-21,-14.16888571428571,channel_8
2021-06-22,-14.14916428571428,channel_8
2021-06-23,-14.12944285714286,channel_8
2021-06-24,-14.10972142857143,channel_8
2021-06-25,-14.09,channel_8
2021-06-26,-14.4625,channel_8
2021-06-27,-14.835,channel_8
2021-06-28,-15.2075,channel_8
2021-06-29,-15.58,channel_8
2021-06-30,-16.4,channel_8
2021-07-01,-16.45,channel_8
2021-07-02,-16.5,channel_8
2021-07-03,-16.79,channel_8
2021-07-04,-17.09,channel_8
2021-07-05,-16.54,channel_8
2021-07-06,-15.99,channel_8
2021-07-07,-17.14,channel_8
2021-07-08,-16.75,channel_8
2021-07-09,-15.87,channel_8
2021-07-10,-16.0,channel_8
2021-07-11,-16.13,channel_8
2021-07-12,-16.895,channel_8
2021-07-13,-17.66,channel_8
2021-07-14,-18.16,channel_8
2021-07-15,-18.66,channel_8
2021-07-16,-18.04,channel_8
2021-07-17,-19.1,channel_8
2021-07-18,-20.19,channel_8
2021-07-19,-20.465,channel_8
2021-07-20,-20.74,channel_8
2021-07-21,-20.785,channel_8
2021-07-22,-20.83,channel_8
2021-07-23,-20.875,channel_8
2021-07-24,-20.92,channel_8
2021-07-25,-20.965,channel_8
2021-07-26,-21.01,channel_8
2021-07-27,-21.055,channel_8
2021-07-28,-21.1,channel_8
2021-07-29,-21.02,channel_8
2021-07-30,-20.94,channel_8
2021-07-31,-20.9675,channel_8
2021-08-01,-20.995,channel_8
2021-08-02,-21.0225,channel_8
2021-08-03,-21.05,channel_8
2021-08-04,-20.96666666666667,channel_8
2021-08-05,-20.88333333333333,channel_8
2021-08-06,-20.8,channel_8
2021-08-07,-20.53,channel_8
2021-08-08,-20.26,channel_8
2021-08-09,-19.99,channel_8
2021-08-10,-19.72,channel_8
2021-08-11,-19.76,channel_8
2021-08-12,-19.8,channel_8
2021-08-13,-19.84,channel_8
2021-08-14,-19.68428571428571,channel_8
2021-08-15,-19.52857142857143,channel_8
2021-08-16,-19.37285714285714,channel_8
2021-08-17,-19.21714285714286,channel_8
2021-08-18,-19.06142857142857,channel_8
2021-08-19,-18.90571428571429,channel_8
2021-08-20,-18.75,channel_8
2021-08-21,-18.735,channel_8
2021-08-22,-18.72,channel_8
2021-08-23,-18.705,channel_8
2021-08-24,-18.69,channel_8
2021-08-25,-18.40333333333333,channel_8
2021-08-26,-18.11666666666667,channel_8
2021-08-27,-17.83,channel_8
2021-08-28,-17.795,channel_8
2021-08-29,-17.76,channel_8
2021-08-30,-17.725,channel_8
2021-08-31,-17.69,channel_8
2021-09-01,-17.9,channel_8
2021-09-02,-18.11,channel_8
2021-09-03,-18.32,channel_8
2021-09-04,-18.1875,channel_8
2021-09-05,-18.055,channel_8
2021-09-06,-17.9225,channel_8
2021-09-07,-17.79,channel_8
2021-09-08,-17.54333333333333,channel_8
2021-09-09,-17.29666666666667,channel_8
2021-09-10,-17.05,channel_8
2021-09-11,-16.99,channel_8
2021-09-12,-16.93,channel_8
2021-09-13,-16.87,channel_8
2021-09-14,-16.81,channel_8
2021-09-15,-16.75,channel_8
2021-09-16,-16.56666666666667,channel_8
2021-09-17,-16.38333333333333,channel_8
2021-09-18,-16.2,channel_8
2021-09-19,-16.17666666666667,channel_8
2021-09-20,-16.15333333333333,channel_8
2021-09-21,-16.13,channel_8
2021-09-22,-16.0,channel_8
2021-09-23,-15.87,channel_8
2021-09-24,-15.74,channel_8
2021-09-25,-15.8175,channel_8
2021-09-26,-15.895,channel_8
2021-09-27,-15.9725,channel_8
2021-09-28,-16.05,channel_8
2021-09-29,-15.96285714285714,channel_8
2021-09-30,-15.87571428571429,channel_8
2021-10-01,-15.78857142857143,channel_8
2021-10-02,-15.70142857142857,channel_8
2021-10-03,-15.61428571428571,channel_8
2021-10-04,-15.52714285714286,channel_8
2021-10-05,-15.44,channel_8
2021-10-06,-15.52,channel_8
2021-10-07,-15.6,channel_8
2021-10-08,-15.68,channel_8
2021-10-09,-15.55,channel_8
2021-10-10,-15.62,channel_8
2021-10-11,-15.72,channel_8
2021-10-12,-15.07,channel_8
2021-10-13,-14.86,channel_8
2021-10-14,-14.65,channel_8
2021-10-15,-14.44,channel_8
2021-10-16,-15.0525,channel_8
2021-10-17,-15.665,channel_8
2021-10-18,-16.2775,channel_8
2021-10-19,-16.89,channel_8
2021-10-20,-16.51,channel_8
2021-10-21,-16.13,channel_8
2021-10-22,-15.69,channel_8
2021-10-23,-15.85,channel_8
2021-10-24,-15.58,channel_8
2021-10-25,-17.01,channel_8
2021-10-26,-17.12,channel_8
2021-10-27,-16.88,channel_8
2021-10-28,-17.04,channel_8
2021-10-29,-16.98,channel_8
2021-10-30,-17.25,channel_8
2021-10-31,-17.39,channel_8
2021-11-01,-16.76,channel_8
2021-11-02,-16.5,channel_8
2021-11-03,-17.04,channel_8
2021-11-04,-17.58,channel_8
2021-11-05,-18.12,channel_8
2021-11-06,-18.04,channel_8
2021-11-07,-17.96,channel_8
2021-11-08,-17.88,channel_8
2021-11-09,-17.8,channel_8
2021-11-10,-17.72,channel_8
2021-11-11,-17.64,channel_8
2021-11-12,-17.56,channel_8
2021-11-13,-17.56,channel_8
2021-11-14,-17.56,channel_8
2021-11-15,-18.385,channel_8
2021-11-16,-19.21,channel_8
2021-11-17,-19.78,channel_8
2021-11-18,-20.35,channel_8
2021-11-19,-20.92,channel_8
2021-11-20,-21.2125,channel_8
2021-11-21,-21.505,channel_8
2021-11-22,-21.7975,channel_8
2021-11-23,-22.09,channel_8
2021-11-24,-22.25,channel_8
2021-11-25,-22.41,channel_8
2021-11-26,-22.57,channel_8
2021-11-27,-22.83714285714286,channel_8
2021-11-28,-23.10428571428572,channel_8
2021-11-29,-23.37142857142857,channel_8
2021-11-30,-23.63857142857143,channel_8
2021-12-01,-23.90571428571429,channel_8
2021-12-02,-24.17285714285714,channel_8
2021-12-03,-24.44,channel_8
2021-12-04,-24.8075,channel_8
2021-12-05,-25.175,channel_8
2021-12-06,-25.5425,channel_8
2021-12-07,-25.91,channel_8
2021-12-08,-26.20666666666667,channel_8
2021-12-09,-26.50333333333333,channel_8
2021-12-10,-26.8,channel_8
2021-12-11,-26.1725,channel_8
2020-11-01,1.14,channel_9
2020-11-02,0.61,channel_9
2020-11-03,-0.82,channel_9
2020-11-04,1.17,channel_9
2020-11-05,0.59,channel_9
2020-11-06,1.01,channel_9
2020-11-07,1.68,channel_9
2020-11-08,0.45,channel_9
2020-11-09,-0.04,channel_9
2020-11-10,0.66,channel_9
2020-11-11,1.27,channel_9
2020-11-12,0.87,channel_9
2020-11-13,0.8,channel_9
2020-11-14,1.85,channel_9
2020-11-15,1.33,channel_9
2020-11-16,1.84,channel_9
2020-11-17,2.12,channel_9
2020-11-18,1.52,channel_9
2020-11-19,1.84,channel_9
2020-11-20,1.97,channel_9
2020-11-21,1.92,channel_9
2020-11-22,2.21,channel_9
2020-11-23,1.79,channel_9
2020-11-24,1.66,channel_9
2020-11-25,2.21,channel_9
2020-11-26,2.47,channel_9
2020-11-27,2.215,channel_9
2020-11-28,1.96,channel_9
2020-11-29,1.53,channel_9
2020-11-30,1.74,channel_9
2020-12-01,2.39,channel_9
2020-12-02,2.95,channel_9
2020-12-03,3.2,channel_9
2020-12-04,2.42,channel_9
2020-12-05,3.1,channel_9
2020-12-06,3.0,channel_9
2020-12-07,3.35,channel_9
2020-12-08,3.56,channel_9
2020-12-09,3.02,channel_9
2020-12-10,3.23,channel_9
2020-12-11,2.89,channel_9
2020-12-12,3.54,channel_9
2020-12-13,3.06,channel_9
2020-12-14,2.98,channel_9
2020-12-15,2.08,channel_9
2020-12-16,2.18,channel_9
2020-12-17,3.35,channel_9
2020-12-18,3.05,channel_9
2020-12-19,3.43,channel_9
2020-12-20,3.7,channel_9
2020-12-21,3.58,channel_9
2020-12-22,2.47,channel_9
2020-12-23,1.85,channel_9
2020-12-24,2.61,channel_9
2020-12-25,2.265,channel_9
2020-12-26,1.92,channel_9
2020-12-27,2.6,channel_9
2020-12-28,2.73,channel_9
2020-12-29,2.45,channel_9
2020-12-30,2.4,channel_9
2020-12-31,3.1,channel_9
2021-01-01,2.96,channel_9
2021-01-02,2.66,channel_9
2021-01-03,3.83,channel_9
2021-01-04,3.87,channel_9
2021-01-05,2.72,channel_9
2021-01-06,2.79,channel_9
2021-01-07,3.21,channel_9
2021-01-08,2.53,channel_9
2021-01-09,2.79,channel_9
2021-01-10,2.97,channel_9
2021-01-11,1.91,channel_9
2021-01-12,2.29,channel_9
2021-01-13,2.94,channel_9
2021-01-14,2.58,channel_9
2021-01-15,1.31,channel_9
2021-01-16,0.03,channel_9
2021-01-17,-0.21,channel_9
2021-01-18,-0.58,channel_9
2021-01-19,-0.18,channel_9
2021-01-20,-0.14,channel_9
2021-01-21,0.2,channel_9
2021-01-22,0.92,channel_9
2021-01-23,0.63,channel_9
2021-01-24,0.4,channel_9
2021-01-25,-0.34,channel_9
2021-01-26,-0.95,channel_9
2021-01-27,-1.62,channel_9
2021-01-28,-2.03,channel_9
2021-01-29,-2.1,channel_9
2021-01-30,-2.0325,channel_9
2021-01-31,-1.965,channel_9
2021-02-01,-1.8975,channel_9
2021-02-02,-1.83,channel_9
2021-02-03,-1.64,channel_9
2021-02-04,-1.45,channel_9
2021-02-05,-1.26,channel_9
2021-02-06,-1.2675,channel_9
2021-02-07,-1.275,channel_9
2021-02-08,-1.2825,channel_9
2021-02-09,-1.29,channel_9
2021-02-10,-1.252857142857143,channel_9
2021-02-11,-1.215714285714286,channel_9
2021-02-12,-1.178571428571429,channel_9
2021-02-13,-1.141428571428571,channel_9
2021-02-14,-1.104285714285714,channel_9
2021-02-15,-1.067142857142857,channel_9
2021-02-16,-1.03,channel_9
2021-02-17,-1.07,channel_9
2021-02-18,-1.11,channel_9
2021-02-19,-1.15,channel_9
2021-02-20,-1.3025,channel_9
2021-02-21,-1.455,channel_9
2021-02-22,-1.6075,channel_9
2021-02-23,-1.76,channel_9
2021-02-24,-1.953333333333333,channel_9
2021-02-25,-2.146666666666667,channel_9
2021-02-26,-2.34,channel_9
2021-02-27,-2.555,channel_9
2021-02-28,-2.77,channel_9
2021-03-01,-2.985,channel_9
2021-03-02,-3.2,channel_9
2021-03-03,-3.01,channel_9
2021-03-04,-2.82,channel_9
2021-03-05,-2.63,channel_9
2021-03-06,-2.44,channel_9
2021-03-07,-2.25,channel_9
2021-03-08,-2.06,channel_9
2021-03-09,-2.14,channel_9
2021-03-10,-1.96,channel_9
2021-03-11,-2.22,channel_9
2021-03-12,-3.71,channel_9
2021-03-13,-3.87,channel_9
2021-03-14,-4.03,channel_9
2021-03-15,-3.78,channel_9
2021-03-16,-2.45,channel_9
2021-03-17,-2.66,channel_9
2021-03-18,-2.27,channel_9
2021-03-19,-2.69,channel_9
2021-03-20,-2.4475,channel_9
2021-03-21,-2.205,channel_9
2021-03-22,-1.9625,channel_9
2021-03-23,-1.72,channel_9
2021-03-24,-2.126666666666666,channel_9
2021-03-25,-2.533333333333333,channel_9
2021-03-26,-2.94,channel_9
2021-03-27,-2.495,channel_9
2021-03-28,-2.05,channel_9
2021-03-29,-1.605,channel_9
2021-03-30,-1.16,channel_9
2021-03-31,-1.44,channel_9
2021-04-01,-1.72,channel_9
2021-04-02,-2.0,channel_9
2021-04-03,-1.885,channel_9
2021-04-04,-1.77,channel_9
2021-04-05,-1.655,channel_9
2021-04-06,-1.54,channel_9
2021-04-07,-1.635,channel_9
2021-04-08,-1.73,channel_9
2021-04-09,-1.825,channel_9
2021-04-10,-1.91125,channel_9
2021-04-11,-1.9975,channel_9
2021-04-12,-2.08375,channel_9
2021-04-13,-2.17,channel_9
2021-04-14,-2.38,channel_9
2021-04-15,-2.59,channel_9
2021-04-16,-2.8,channel_9
2021-04-17,-3.39,channel_9
2021-04-18,-3.98,channel_9
2021-04-19,-5.52,channel_9
2021-04-20,-6.08,channel_9
2021-04-21,-7.21,channel_9
2021-04-22,-6.38,channel_9
2021-04-23,-4.96,channel_9
2021-04-24,-5.68,channel_9
2021-04-25,-4.74,channel_9
2021-04-26,-4.42,channel_9
2021-04-27,-3.58,channel_9
2021-04-28,-2.48,channel_9
2021-04-29,-2.53,channel_9
2021-04-30,-2.58,channel_9
2021-05-01,-2.6525,channel_9
2021-05-02,-2.725,channel_9
2021-05-03,-2.7975,channel_9
2021-05-04,-2.87,channel_9
2021-05-05,-3.036666666666667,channel_9
2021-05-06,-3.203333333333334,channel_9
2021-05-07,-3.37,channel_9
2021-05-08,-3.4375,channel_9
2021-05-09,-3.505,channel_9
2021-05-10,-3.5725,channel_9
2021-05-11,-3.64,channel_9
2021-05-12,-3.687142857142857,channel_9
2021-05-13,-3.734285714285714,channel_9
2021-05-14,-3.781428571428572,channel_9
2021-05-15,-3.828571428571429,channel_9
2021-05-16,-3.875714285714286,channel_9
2021-05-17,-3.922857142857143,channel_9
2021-05-18,-3.97,channel_9
2021-05-19,-3.74,channel_9
2021-05-20,-3.51,channel_9
2021-05-21,-3.28,channel_9
2021-05-22,-3.205,channel_9
2021-05-23,-3.13,channel_9
2021-05-24,-2.81,channel_9
2021-05-25,-2.02,channel_9
2021-05-26,-1.49,channel_9
2021-05-27,-1.16,channel_9
2021-05-28,-1.12,channel_9
2021-05-29,-1.345,channel_9
2021-05-30,-1.57,channel_9
2021-05-31,-1.795,channel_9
2021-06-01,-2.02,channel_9
2021-06-02,-2.06,channel_9
2021-06-03,-2.1,channel_9
2021-06-04,-2.14,channel_9
2021-06-05,-1.979375,channel_9
2021-06-06,-1.81875,channel_9
2021-06-07,-1.658125,channel_9
2021-06-08,-1.4975,channel_9
2021-06-09,-1.761666666666667,channel_9
2021-06-10,-2.025833333333333,channel_9
2021-06-11,-2.29,channel_9
2021-06-12,-2.225,channel_9
2021-06-13,-2.16,channel_9
2021-06-14,-2.095,channel_9
2021-06-15,-2.03,channel_9
2021-06-16,-1.859906666666667,channel_9
2021-06-17,-1.689813333333333,channel_9
2021-06-18,-1.51972,channel_9
2021-06-19,-1.494045714285714,channel_9
2021-06-20,-1.468371428571429,channel_9
2021-06-21,-1.442697142857143,channel_9
2021-06-22,-1.417022857142857,channel_9
2021-06-23,-1.391348571428571,channel_9
2021-06-24,-1.365674285714286,channel_9
2021-06-25,-1.34,channel_9
2021-06-26,-1.37,channel_9
2021-06-27,-1.4,channel_9
2021-06-28,-1.43,channel_9
2021-06-29,-1.46,channel_9
2021-06-30,-1.58,channel_9
2021-07-01,-2.13,channel_9
2021-07-02,-2.68,channel_9
2021-07-03,-2.34,channel_9
2021-07-04,-2.67,channel_9
2021-07-05,-3.15,channel_9
2021-07-06,-3.63,channel_9
2021-07-07,-3.89,channel_9
2021-07-08,-3.97,channel_9
2021-07-09,-2.37,channel_9
2021-07-10,-2.125,channel_9
2021-07-11,-1.88,channel_9
2021-07-12,-2.04,channel_9
2021-07-13,-2.2,channel_9
2021-07-14,-2.35,channel_9
2021-07-15,-2.5,channel_9
2021-07-16,-4.11,channel_9
2021-07-17,-4.52,channel_9
2021-07-18,-5.2,channel_9
2021-07-19,-5.355,channel_9
2021-07-20,-5.51,channel_9
2021-07-21,-5.4925,channel_9
2021-07-22,-5.475,channel_9
2021-07-23,-5.4575,channel_9
2021-07-24,-5.44,channel_9
2021-07-25,-5.4225,channel_9
2021-07-26,-5.405,channel_9
2021-07-27,-5.3875,channel_9
2021-07-28,-5.37,channel_9
2021-07-29,-5.49,channel_9
2021-07-30,-5.61,channel_9
2021-07-31,-5.5975,channel_9
2021-08-01,-5.585,channel_9
2021-08-02,-5.5725,channel_9
2021-08-03,-5.56,channel_9
2021-08-04,-5.503333333333333,channel_9
2021-08-05,-5.446666666666666,channel_9
2021-08-06,-5.39,channel_9
2021-08-07,-5.2675,channel_9
2021-08-08,-5.145,channel_9
2021-08-09,-5.0225,channel_9
2021-08-10,-4.9,channel_9
2021-08-11,-4.890000000000001,channel_9
2021-08-12,-4.88,channel_9
2021-08-13,-4.87,channel_9
2021-08-14,-4.86125,channel_9
2021-08-15,-4.8525,channel_9
2021-08-16,-4.84375,channel_9
2021-08-17,-4.835,channel_9
2021-08-18,-4.823333333333333,channel_9
2021-08-19,-4.811666666666667,channel_9
2021-08-20,-4.8,channel_9
2021-08-21,-4.705,channel_9
2021-08-22,-4.609999999999999,channel_9
2021-08-23,-4.515,channel_9
2021-08-24,-4.42,channel_9
2021-08-25,-4.383333333333333,channel_9
2021-08-26,-4.346666666666667,channel_9
2021-08-27,-4.31,channel_9
2021-08-28,-4.2725,channel_9
2021-08-29,-4.234999999999999,channel_9
2021-08-30,-4.1975,channel_9
2021-08-31,-4.16,channel_9
2021-09-01,-4.363333333333333,channel_9
2021-09-02,-4.566666666666666,channel_9
2021-09-03,-4.77,channel_9
2021-09-04,-4.592499999999999,channel_9
2021-09-05,-4.414999999999999,channel_9
2021-09-06,-4.2375,channel_9
2021-09-07,-4.06,channel_9
2021-09-08,-4.186666666666667,channel_9
2021-09-09,-4.313333333333333,channel_9
2021-09-10,-4.44,channel_9
2021-09-11,-4.414000000000001,channel_9
2021-09-12,-4.388,channel_9
2021-09-13,-4.362,channel_9
2021-09-14,-4.335999999999999,channel_9
2021-09-15,-4.31,channel_9
2021-09-16,-4.426666666666667,channel_9
2021-09-17,-4.543333333333333,channel_9
2021-09-18,-4.66,channel_9
2021-09-19,-4.506666666666667,channel_9
2021-09-20,-4.353333333333333,channel_9
2021-09-21,-4.2,channel_9
2021-09-22,-3.94,channel_9
2021-09-23,-3.68,channel_9
2021-09-24,-3.42,channel_9
2021-09-25,-3.5125,channel_9
2021-09-26,-3.605,channel_9
2021-09-27,-3.6975,channel_9
2021-09-28,-3.79,channel_9
2021-09-29,-3.792857142857143,channel_9
2021-09-30,-3.795714285714286,channel_9
2021-10-01,-3.798571428571428,channel_9
2021-10-02,-3.801428571428572,channel_9
2021-10-03,-3.804285714285714,channel_9
2021-10-04,-3.807142857142857,channel_9
2021-10-05,-3.81,channel_9
2021-10-06,-3.956666666666667,channel_9
2021-10-07,-4.103333333333333,channel_9
2021-10-08,-4.25,channel_9
2021-10-09,-4.2425,channel_9
2021-10-10,-4.234999999999999,channel_9
2021-10-11,-4.2275,channel_9
2021-10-12,-4.22,channel_9
2021-10-13,-4.466666666666667,channel_9
2021-10-14,-4.713333333333333,channel_9
2021-10-15,-4.96,channel_9
2021-10-16,-5.0275,channel_9
2021-10-17,-5.095000000000001,channel_9
2021-10-18,-5.162500000000001,channel_9
2021-10-19,-5.23,channel_9
2021-10-20,-4.983333333333333,channel_9
2021-10-21,-4.736666666666667,channel_9
2021-10-22,-4.49,channel_9
2021-10-23,-4.566666666666666,channel_9
2021-10-24,-4.643333333333334,channel_9
2021-10-25,-4.72,channel_9
2021-10-26,-4.7,channel_9
2021-10-27,-4.53,channel_9
2021-10-28,-4.93,channel_9
2021-10-29,-4.71,channel_9
2021-10-30,-4.52,channel_9
2021-10-31,-4.31,channel_9
2021-11-01,-4.13,channel_9
2021-11-02,-3.89,channel_9
2021-11-03,-3.48,channel_9
2021-11-04,-3.17,channel_9
2021-11-05,-3.76,channel_9
2021-11-06,-3.92,channel_9
2021-11-07,-4.38,channel_9
2021-11-08,-4.36,channel_9
2021-11-09,-4.11,channel_9
2021-11-10,-3.92,channel_9
2021-11-11,-4.24,channel_9
2021-11-12,-4.66,channel_9
2021-11-13,-4.7,channel_9
2021-11-14,-4.74,channel_9
2021-11-15,-4.57,channel_9
2021-11-16,-4.31,channel_9
2021-11-17,-4.67,channel_9
2021-11-18,-4.7,channel_9
2021-11-19,-4.91,channel_9
2021-11-20,-4.97,channel_9
2021-11-21,-4.97,channel_9
2021-11-22,-5.32,channel_9
2021-11-23,-5.29,channel_9
2021-11-24,-5.36,channel_9
2021-11-25,-5.81,channel_9
2021-11-26,-6.16,channel_9
2021-11-27,-6.152857142857143,channel_9
2021-11-28,-6.145714285714286,channel_9
2021-11-29,-6.138571428571429,channel_9
2021-11-30,-6.131428571428572,channel_9
2021-12-01,-6.124285714285715,channel_9
2021-12-02,-6.117142857142857,channel_9
2021-12-03,-6.11,channel_9
2021-12-04,-6.2,channel_9
2021-12-05,-6.29,channel_9
2021-12-06,-6.38,channel_9
2021-12-07,-6.47,channel_9
2021-12-08,-6.46,channel_9
2021-12-09,-6.45,channel_9
2021-12-10,-6.44,channel_9
2021-12-11,-6.7,channel_9
2020-11-01,0.35,channel_10
2020-11-02,-1.38,channel_10
2020-11-03,-2.8,channel_10
2020-11-04,-2.59,channel_10
2020-11-05,-4.46,channel_10
2020-11-06,-4.05,channel_10
2020-11-07,-3.7,channel_10
2020-11-08,-4.17,channel_10
2020-11-09,-4.3,channel_10
2020-11-10,-4.23,channel_10
2020-11-11,-4.64,channel_10
2020-11-12,-4.72,channel_10
2020-11-13,-4.51,channel_10
2020-11-14,-5.04,channel_10
2020-11-15,-5.1,channel_10
2020-11-16,-4.85,channel_10
2020-11-17,-4.6,channel_10
2020-11-18,-4.41,channel_10
2020-11-19,-4.4,channel_10
2020-11-20,-4.59,channel_10
2020-11-21,-5.2,channel_10
2020-11-22,-5.39,channel_10
2020-11-23,-5.13,channel_10
2020-11-24,-4.99,channel_10
2020-11-25,-4.99,channel_10
2020-11-26,-4.71,channel_10
2020-11-27,-4.87,channel_10
2020-11-28,-5.03,channel_10
2020-11-29,-4.83,channel_10
2020-11-30,-5.09,channel_10
2020-12-01,-5.16,channel_10
2020-12-02,-4.59,channel_10
2020-12-03,-4.08,channel_10
2020-12-04,-3.91,channel_10
2020-12-05,-4.03,channel_10
2020-12-06,-3.77,channel_10
2020-12-07,-3.89,channel_10
2020-12-08,-3.98,channel_10
2020-12-09,-3.93,channel_10
2020-12-10,-3.74,channel_10
2020-12-11,-3.86,channel_10
2020-12-12,-3.89,channel_10
2020-12-13,-4.86,channel_10
2020-12-14,-4.72,channel_10
2020-12-15,-5.59,channel_10
2020-12-16,-5.65,channel_10
2020-12-17,-5.38,channel_10
2020-12-18,-5.93,channel_10
2020-12-19,-6.81,channel_10
2020-12-20,-6.85,channel_10
2020-12-21,-7.07,channel_10
2020-12-22,-8.85,channel_10
2020-12-23,-10.06,channel_10
2020-12-24,-10.38,channel_10
2020-12-25,-10.38222222222222,channel_10
2020-12-26,-10.38444444444445,channel_10
2020-12-27,-10.38666666666667,channel_10
2020-12-28,-10.38888888888889,channel_10
2020-12-29,-10.39111111111111,channel_10
2020-12-30,-10.39333333333333,channel_10
2020-12-31,-10.39555555555556,channel_10
2021-01-01,-10.39777777777778,channel_10
2021-01-02,-10.4,channel_10
2021-01-03,-10.398,channel_10
2021-01-04,-10.396,channel_10
2021-01-05,-10.394,channel_10
2021-01-06,-10.392,channel_10
2021-01-07,-10.39,channel_10
2021-01-08,-10.39,channel_10
2021-01-09,-11.985,channel_10
2021-01-10,-13.58,channel_10
2021-01-11,-15.175,channel_10
2021-01-12,-16.77,channel_10
2021-01-13,-18.3,channel_10
2021-01-14,-19.43,channel_10
2021-01-15,-20.95,channel_10
2021-01-16,-22.3,channel_10
2021-01-17,-22.56,channel_10
2021-01-18,-23.6,channel_10
2021-01-19,-24.06,channel_10
2021-01-20,-24.85,channel_10
2021-01-21,-24.78,channel_10
2021-01-22,-25.98,channel_10
2021-01-23,-27.07,channel_10
2021-01-24,-27.71,channel_10
2021-01-25,-28.69,channel_10
2021-01-26,-28.48,channel_10
2021-01-27,-28.65,channel_10
2021-01-28,-28.49,channel_10
2021-01-29,-28.62,channel_10
2021-01-30,-28.6675,channel_10
2021-01-31,-28.715,channel_10
2021-02-01,-28.7625,channel_10
2021-02-02,-28.81,channel_10
2021-02-03,-29.16333333333333,channel_10
2021-02-04,-29.51666666666667,channel_10
2021-02-05,-29.87,channel_10
2021-02-06,-30.0175,channel_10
2021-02-07,-30.165,channel_10
2021-02-08,-30.3125,channel_10
2021-02-09,-30.46,channel_10
2021-02-10,-30.58571428571429,channel_10
2021-02-11,-30.71142857142857,channel_10
2021-02-12,-30.83714285714286,channel_10
2021-02-13,-30.96285714285714,channel_10
2021-02-14,-31.08857142857143,channel_10
2021-02-15,-31.21428571428572,channel_10
2021-02-16,-31.34,channel_10
2021-02-17,-31.60333333333334,channel_10
2021-02-18,-31.86666666666667,channel_10
2021-02-19,-32.13,channel_10
2021-02-20,-32.2025,channel_10
2021-02-21,-32.27500000000001,channel_10
2021-02-22,-32.3475,channel_10
2021-02-23,-32.42,channel_10
2021-02-24,-32.74,channel_10
2021-02-25,-33.06,channel_10
2021-02-26,-33.38,channel_10
2021-02-27,-33.39,channel_10
2021-02-28,-33.40000000000001,channel_10
2021-03-01,-33.41,channel_10
2021-03-02,-33.42,channel_10
2021-03-03,-33.87,channel_10
2021-03-04,-34.32,channel_10
2021-03-05,-34.77,channel_10
2021-03-06,-35.36333333333334,channel_10
2021-03-07,-35.95666666666666,channel_10
2021-03-08,-36.55,channel_10
2021-03-09,-36.89,channel_10
2021-03-10,-37.62,channel_10
2021-03-11,-37.33,channel_10
2021-03-12,-38.85,channel_10
2021-03-13,-38.72,channel_10
2021-03-14,-38.59,channel_10
2021-03-15,-38.77,channel_10
2021-03-16,-39.3,channel_10
2021-03-17,-39.24,channel_10
2021-03-18,-39.1,channel_10
2021-03-19,-38.82,channel_10
2021-03-20,-39.0975,channel_10
2021-03-21,-39.375,channel_10
2021-03-22,-39.6525,channel_10
2021-03-23,-39.93,channel_10
2021-03-24,-39.40666666666667,channel_10
2021-03-25,-38.88333333333333,channel_10
2021-03-26,-38.36,channel_10
2021-03-27,-38.5725,channel_10
2021-03-28,-38.785,channel_10
2021-03-29,-38.9975,channel_10
2021-03-30,-39.21,channel_10
2021-03-31,-38.74666666666667,channel_10
2021-04-01,-38.28333333333333,channel_10
2021-04-02,-37.82,channel_10
2021-04-03,-37.6925,channel_10
2021-04-04,-37.565,channel_10
2021-04-05,-37.4375,channel_10
2021-04-06,-37.31,channel_10
2021-04-07,-37.12166666666667,channel_10
2021-04-08,-36.93333333333334,channel_10
2021-04-09,-36.745,channel_10
2021-04-10,-36.91500000000001,channel_10
2021-04-11,-37.085,channel_10
2021-04-12,-37.255,channel_10
2021-04-13,-37.425,channel_10
2021-04-14,-37.46333333333333,channel_10
2021-04-15,-37.50166666666667,channel_10
2021-04-16,-37.54,channel_10
2021-04-17,-38.095,channel_10
2021-04-18,-38.65,channel_10
2021-04-19,-39.87,channel_10
2021-04-20,-39.33,channel_10
2021-04-21,-40.99,channel_10
2021-04-22,-39.32,channel_10
2021-04-23,-39.25,channel_10
2021-04-24,-39.37,channel_10
2021-04-25,-39.19,channel_10
2021-04-26,-39.02,channel_10
2021-04-27,-38.71,channel_10
2021-04-28,-37.91,channel_10
2021-04-29,-37.75,channel_10
2021-04-30,-37.59,channel_10
2021-05-01,-37.675,channel_10
2021-05-02,-37.76000000000001,channel_10
2021-05-03,-37.845,channel_10
2021-05-04,-37.93,channel_10
2021-05-05,-38.07333333333333,channel_10
2021-05-06,-38.21666666666667,channel_10
2021-05-07,-38.36,channel_10
2021-05-08,-38.23,channel_10
2021-05-09,-38.1,channel_10
2021-05-10,-37.97,channel_10
2021-05-11,-37.84,channel_10
2021-05-12,-37.81428571428572,channel_10
2021-05-13,-37.78857142857143,channel_10
2021-05-14,-37.76285714285714,channel_10
2021-05-15,-37.73714285714286,channel_10
2021-05-16,-37.71142857142857,channel_10
2021-05-17,-37.68571428571428,channel_10
2021-05-18,-37.66,channel_10
2021-05-19,-37.63,channel_10
2021-05-20,-37.6,channel_10
2021-05-21,-37.57,channel_10
2021-05-22,-37.73,channel_10
2021-05-23,-37.89,channel_10
2021-05-24,-38.29,channel_10
2021-05-25,-38.77,channel_10
2021-05-26,-38.45,channel_10
2021-05-27,-38.62,channel_10
2021-05-28,-38.25,channel_10
2021-05-29,-38.1825,channel_10
2021-05-30,-38.11499999999999,channel_10
2021-05-31,-38.0475,channel_10
2021-06-01,-37.98,channel_10
2021-06-02,-38.02666666666666,channel_10
2021-06-03,-38.07333333333333,channel_10
2021-06-04,-38.12,channel_10
2021-06-05,-38.039375,channel_10
2021-06-06,-37.95874999999999,channel_10
2021-06-07,-37.878125,channel_10
2021-06-08,-37.7975,channel_10
2021-06-09,-37.945,channel_10
2021-06-10,-38.0925,channel_10
2021-06-11,-38.24,channel_10
2021-06-12,-38.155,channel_10
2021-06-13,-38.07,channel_10
2021-06-14,-37.985,channel_10
2021-06-15,-37.9,channel_10
2021-06-16,-37.73907333333333,channel_10
2021-06-17,-37.57814666666667,channel_10
2021-06-18,-37.41722,channel_10
2021-06-19,-37.49761714285714,channel_10
2021-06-20,-37.57801428571428,channel_10
2021-06-21,-37.65841142857143,channel_10
2021-06-22,-37.73880857142857,channel_10
2021-06-23,-37.81920571428572,channel_10
2021-06-24,-37.89960285714285,channel_10
2021-06-25,-37.98,channel_10
2021-06-26,-38.135,channel_10
2021-06-27,-38.29,channel_10
2021-06-28,-38.445,channel_10
2021-06-29,-38.6,channel_10
2021-06-30,-39.28,channel_10
2021-07-01,-39.755,channel_10
2021-07-02,-40.23,channel_10
2021-07-03,-40.12,channel_10
2021-07-04,-40.46,channel_10
2021-07-05,-40.31,channel_10
2021-07-06,-40.16,channel_10
2021-07-07,-40.18,channel_10
2021-07-08,-39.88,channel_10
2021-07-09,-39.33,channel_10
2021-07-10,-39.62,channel_10
2021-07-11,-39.91,channel_10
2021-07-12,-40.31999999999999,channel_10
2021-07-13,-40.73,channel_10
2021-07-14,-40.76,channel_10
2021-07-15,-40.79,channel_10
2021-07-16,-41.88,channel_10
2021-07-17,-41.48,channel_10
2021-07-18,-42.09,channel_10
2021-07-19,-42.02,channel_10
2021-07-20,-41.95,channel_10
2021-07-21,-41.92625,channel_10
2021-07-22,-41.9025,channel_10
2021-07-23,-41.87875,channel_10
2021-07-24,-41.855,channel_10
2021-07-25,-41.83125,channel_10
2021-07-26,-41.8075,channel_10
2021-07-27,-41.78375,channel_10
2021-07-28,-41.76,channel_10
2021-07-29,-41.34999999999999,channel_10
2021-07-30,-40.94,channel_10
2021-07-31,-40.84999999999999,channel_10
2021-08-01,-40.76,channel_10
2021-08-02,-40.67,channel_10
2021-08-03,-40.58,channel_10
2021-08-04,-40.56,channel_10
2021-08-05,-40.54,channel_10
2021-08-06,-40.52,channel_10
2021-08-07,-40.79000000000001,channel_10
2021-08-08,-41.06,channel_10
2021-08-09,-41.33,channel_10
2021-08-10,-41.6,channel_10
2021-08-11,-41.5,channel_10
2021-08-12,-41.4,channel_10
2021-08-13,-41.3,channel_10
2021-08-14,-41.41374999999999,channel_10
2021-08-15,-41.5275,channel_10
2021-08-16,-41.64125,channel_10
2021-08-17,-41.755,channel_10
2021-08-18,-41.90666666666667,channel_10
2021-08-19,-42.05833333333333,channel_10
2021-08-20,-42.21,channel_10
2021-08-21,-42.1,channel_10
2021-08-22,-41.99,channel_10
2021-08-23,-41.88,channel_10
2021-08-24,-41.77,channel_10
2021-08-25,-41.75666666666667,channel_10
2021-08-26,-41.74333333333333,channel_10
2021-08-27,-41.73,channel_10
2021-08-28,-41.825,channel_10
2021-08-29,-41.92,channel_10
2021-08-30,-42.015,channel_10
2021-08-31,-42.11,channel_10
2021-09-01,-42.31666666666666,channel_10
2021-09-02,-42.52333333333333,channel_10
2021-09-03,-42.73,channel_10
2021-09-04,-42.92,channel_10
2021-09-05,-43.11,channel_10
2021-09-06,-43.3,channel_10
2021-09-07,-43.49,channel_10
2021-09-08,-43.56,channel_10
2021-09-09,-43.63,channel_10
2021-09-10,-43.7,channel_10
2021-09-11,-43.63200000000001,channel_10
2021-09-12,-43.564,channel_10
2021-09-13,-43.496,channel_10
2021-09-14,-43.428,channel_10
2021-09-15,-43.36,channel_10
2021-09-16,-43.23333333333333,channel_10
2021-09-17,-43.10666666666666,channel_10
2021-09-18,-42.98,channel_10
2021-09-19,-43.16666666666666,channel_10
2021-09-20,-43.35333333333333,channel_10
2021-09-21,-43.54,channel_10
2021-09-22,-43.48666666666666,channel_10
2021-09-23,-43.43333333333334,channel_10
2021-09-24,-43.38,channel_10
2021-09-25,-43.5625,channel_10
2021-09-26,-43.745,channel_10
2021-09-27,-43.9275,channel_10
2021-09-28,-44.11,channel_10
2021-09-29,-44.03,channel_10
2021-09-30,-43.95,channel_10
2021-10-01,-43.87,channel_10
2021-10-02,-43.79,channel_10
2021-10-03,-43.71,channel_10
2021-10-04,-43.63,channel_10
2021-10-05,-43.55,channel_10
2021-10-06,-43.38333333333333,channel_10
2021-10-07,-43.21666666666666,channel_10
2021-10-08,-43.05,channel_10
2021-10-09,-43.08,channel_10
2021-10-10,-43.11,channel_10
2021-10-11,-43.14,channel_10
2021-10-12,-43.17,channel_10
2021-10-13,-43.36666666666667,channel_10
2021-10-14,-43.56333333333333,channel_10
2021-10-15,-43.76,channel_10
2021-10-16,-43.75571428571428,channel_10
2021-10-17,-43.75142857142857,channel_10
2021-10-18,-43.74714285714285,channel_10
2021-10-19,-43.74285714285714,channel_10
2021-10-20,-43.73857142857143,channel_10
2021-10-21,-43.73428571428571,channel_10
2021-10-22,-43.73,channel_10
2021-10-23,-43.73,channel_10
2021-10-24,-43.73,channel_10
2021-10-25,-43.73,channel_10
2021-10-26,-43.93,channel_10
2021-10-27,-44.28,channel_10
2021-10-28,-45.11,channel_10
2021-10-29,-46.58,channel_10
2021-10-30,-47.47,channel_10
2021-10-31,-48.58,channel_10
2021-11-01,-48.21,channel_10
2021-11-02,-48.03,channel_10
2021-11-03,-49.01,channel_10
2021-11-04,-50.06,channel_10
2021-11-05,-49.73,channel_10
2021-11-06,-50.14,channel_10
2021-11-07,-50.34,channel_10
2021-11-08,-50.23,channel_10
2021-11-09,-51.59,channel_10
2021-11-10,-51.74,channel_10
2021-11-11,-51.62,channel_10
2021-11-12,-51.99,channel_10
2021-11-13,-52.93,channel_10
2021-11-14,-53.87,channel_10
2021-11-15,-55.83,channel_10
2021-11-16,-56.11,channel_10
2021-11-17,-56.04,channel_10
2021-11-18,-56.37,channel_10
2021-11-19,-55.98,channel_10
2021-11-20,-57.3,channel_10
2021-11-21,-57.75,channel_10
2021-11-22,-57.91,channel_10
2021-11-23,-58.3,channel_10
2021-11-24,-58.73,channel_10
2021-11-25,-58.98,channel_10
2021-11-26,-59.26,channel_10
2021-11-27,-59.25714285714285,channel_10
2021-11-28,-59.25428571428571,channel_10
2021-11-29,-59.25142857142857,channel_10
2021-11-30,-59.24857142857143,channel_10
2021-12-01,-59.24571428571429,channel_10
2021-12-02,-59.24285714285715,channel_10
2021-12-03,-59.24,channel_10
2021-12-04,-59.4325,channel_10
2021-12-05,-59.625,channel_10
2021-12-06,-59.8175,channel_10
2021-12-07,-60.01,channel_10
2021-12-08,-60.35333333333333,channel_10
2021-12-09,-60.69666666666667,channel_10
2021-12-10,-61.04,channel_10
2021-12-11,-60.755,channel_10
2020-11-01,0.11,channel_11
2020-11-02,-1.53,channel_11
2020-11-03,-2.79,channel_11
2020-11-04,-2.9,channel_11
2020-11-05,-3.2,channel_11
2020-11-06,-2.79,channel_11
2020-11-07,-2.83,channel_11
2020-11-08,-2.67,channel_11
2020-11-09,-2.56,channel_11
2020-11-10,-2.83,channel_11
2020-11-11,-3.54,channel_11
2020-11-12,-3.35,channel_11
2020-11-13,-3.67,channel_11
2020-11-14,-3.35,channel_11
2020-11-15,-3.44,channel_11
2020-11-16,-3.59,channel_11
2020-11-17,-4.17,channel_11
2020-11-18,-4.39,channel_11
2020-11-19,-4.64,channel_11
2020-11-20,-4.34,channel_11
2020-11-21,-4.0,channel_11
2020-11-22,-4.17,channel_11
2020-11-23,-4.27,channel_11
2020-11-24,-4.64,channel_11
2020-11-25,-4.3,channel_11
2020-11-26,-4.03,channel_11
2020-11-27,-3.865,channel_11
2020-11-28,-3.7,channel_11
2020-11-29,-3.84,channel_11
2020-11-30,-3.7,channel_11
2020-12-01,-3.56,channel_11
2020-12-02,-2.94,channel_11
2020-12-03,-2.46,channel_11
2020-12-04,-2.39,channel_11
2020-12-05,-2.69,channel_11
2020-12-06,-2.84,channel_11
2020-12-07,-2.64,channel_11
2020-12-08,-2.65,channel_11
2020-12-09,-3.15,channel_11
2020-12-10,-2.16,channel_11
2020-12-11,-2.43,channel_11
2020-12-12,-2.69,channel_11
2020-12-13,-2.92,channel_11
2020-12-14,-3.1,channel_11
2020-12-15,-3.98,channel_11
2020-12-16,-3.97,channel_11
2020-12-17,-4.19,channel_11
2020-12-18,-3.7,channel_11
2020-12-19,-4.38,channel_11
2020-12-20,-3.92,channel_11
2020-12-21,-4.45,channel_11
2020-12-22,-5.57,channel_11
2020-12-23,-6.95,channel_11
2020-12-24,-7.39,channel_11
2020-12-25,-7.391111111111111,channel_11
2020-12-26,-7.392222222222222,channel_11
2020-12-27,-7.393333333333334,channel_11
2020-12-28,-7.394444444444445,channel_11
2020-12-29,-7.395555555555555,channel_11
2020-12-30,-7.396666666666667,channel_11
2020-12-31,-7.397777777777778,channel_11
2021-01-01,-7.398888888888889,channel_11
2021-01-02,-7.4,channel_11
2021-01-03,-7.398000000000001,channel_11
2021-01-04,-7.396,channel_11
2021-01-05,-7.394,channel_11
2021-01-06,-7.391999999999999,channel_11
2021-01-07,-7.39,channel_11
2021-01-08,-7.39,channel_11
2021-01-09,-8.4975,channel_11
2021-01-10,-9.605,channel_11
2021-01-11,-10.7125,channel_11
2021-01-12,-11.82,channel_11
2021-01-13,-13.67,channel_11
2021-01-14,-14.08,channel_11
2021-01-15,-15.09,channel_11
2021-01-16,-16.54,channel_11
2021-01-17,-16.93,channel_11
2021-01-18,-17.2,channel_11
2021-01-19,-17.5,channel_11
2021-01-20,-17.21,channel_11
2021-01-21,-16.9,channel_11
2021-01-22,-18.0,channel_11
2021-01-23,-19.18,channel_11
2021-01-24,-19.66,channel_11
2021-01-25,-21.13,channel_11
2021-01-26,-21.09,channel_11
2021-01-27,-21.81,channel_11
2021-01-28,-21.63,channel_11
2021-01-29,-22.11,channel_11
2021-01-30,-22.355,channel_11
2021-01-31,-22.6,channel_11
2021-02-01,-22.845,channel_11
2021-02-02,-23.09,channel_11
2021-02-03,-23.54666666666667,channel_11
2021-02-04,-24.00333333333333,channel_11
2021-02-05,-24.46,channel_11
2021-02-06,-24.7625,channel_11
2021-02-07,-25.065,channel_11
2021-02-08,-25.3675,channel_11
2021-02-09,-25.67,channel_11
2021-02-10,-25.78,channel_11
2021-02-11,-25.89,channel_11
2021-02-12,-26.0,channel_11
2021-02-13,-26.11,channel_11
2021-02-14,-26.22,channel_11
2021-02-15,-26.33,channel_11
2021-02-16,-26.44,channel_11
2021-02-17,-26.83333333333334,channel_11
2021-02-18,-27.22666666666667,channel_11
2021-02-19,-27.62,channel_11
2021-02-20,-27.5925,channel_11
2021-02-21,-27.565,channel_11
2021-02-22,-27.5375,channel_11
2021-02-23,-27.51,channel_11
2021-02-24,-27.08666666666667,channel_11
2021-02-25,-26.66333333333333,channel_11
2021-02-26,-26.24,channel_11
2021-02-27,-26.33,channel_11
2021-02-28,-26.42,channel_11
2021-03-01,-26.51,channel_11
2021-03-02,-26.6,channel_11
2021-03-03,-27.15,channel_11
2021-03-04,-27.7,channel_11
2021-03-05,-28.25,channel_11
2021-03-06,-28.65,channel_11
2021-03-07,-29.05,channel_11
2021-03-08,-29.45,channel_11
2021-03-09,-29.98,channel_11
2021-03-10,-31.6,channel_11
2021-03-11,-32.01,channel_11
2021-03-12,-32.68,channel_11
2021-03-13,-32.82,channel_11
2021-03-14,-32.96,channel_11
2021-03-15,-33.06,channel_11
2021-03-16,-34.37,channel_11
2021-03-17,-34.82,channel_11
2021-03-18,-35.05,channel_11
2021-03-19,-35.65,channel_11
2021-03-20,-36.0075,channel_11
2021-03-21,-36.36499999999999,channel_11
2021-03-22,-36.7225,channel_11
2021-03-23,-37.08,channel_11
2021-03-24,-37.20666666666666,channel_11
2021-03-25,-37.33333333333334,channel_11
2021-03-26,-37.46,channel_11
2021-03-27,-37.8025,channel_11
2021-03-28,-38.145,channel_11
2021-03-29,-38.4875,channel_11
2021-03-30,-38.83,channel_11
2021-03-31,-38.59666666666666,channel_11
2021-04-01,-38.36333333333334,channel_11
2021-04-02,-38.13,channel_11
2021-04-03,-38.02500000000001,channel_11
2021-04-04,-37.92,channel_11
2021-04-05,-37.815,channel_11
2021-04-06,-37.71,channel_11
2021-04-07,-37.41333333333333,channel_11
2021-04-08,-37.11666666666667,channel_11
2021-04-09,-36.82,channel_11
2021-04-10,-36.98,channel_11
2021-04-11,-37.14,channel_11
2021-04-12,-37.3,channel_11
2021-04-13,-37.46,channel_11
2021-04-14,-37.37666666666667,channel_11
2021-04-15,-37.29333333333334,channel_11
2021-04-16,-37.21,channel_11
2021-04-17,-36.63,channel_11
2021-04-18,-36.05,channel_11
2021-04-19,-35.13,channel_11
2021-04-20,-33.54,channel_11
2021-04-21,-32.17,channel_11
2021-04-22,-30.73,channel_11
2021-04-23,-30.51,channel_11
2021-04-24,-30.3,channel_11
2021-04-25,-29.39,channel_11
2021-04-26,-29.65,channel_11
2021-04-27,-28.92,channel_11
2021-04-28,-28.27,channel_11
2021-04-29,-28.22,channel_11
2021-04-30,-28.17,channel_11
2021-05-01,-28.175,channel_11
2021-05-02,-28.18,channel_11
2021-05-03,-28.185,channel_11
2021-05-04,-28.19,channel_11
2021-05-05,-28.42,channel_11
2021-05-06,-28.65,channel_11
2021-05-07,-28.88,channel_11
2021-05-08,-28.6325,channel_11
2021-05-09,-28.385,channel_11
2021-05-10,-28.1375,channel_11
2021-05-11,-27.89,channel_11
2021-05-12,-27.88428571428571,channel_11
2021-05-13,-27.87857142857143,channel_11
2021-05-14,-27.87285714285714,channel_11
2021-05-15,-27.86714285714286,channel_11
2021-05-16,-27.86142857142857,channel_11
2021-05-17,-27.85571428571429,channel_11
2021-05-18,-27.85,channel_11
2021-05-19,-27.81666666666667,channel_11
2021-05-20,-27.78333333333333,channel_11
2021-05-21,-27.75,channel_11
2021-05-22,-27.835,channel_11
2021-05-23,-27.92,channel_11
2021-05-24,-28.25,channel_11
2021-05-25,-29.01,channel_11
2021-05-26,-29.16,channel_11
2021-05-27,-28.7,channel_11
2021-05-28,-29.19,channel_11
2021-05-29,-29.0975,channel_11
2021-05-30,-29.005,channel_11
2021-05-31,-28.9125,channel_11
2021-06-01,-28.82,channel_11
2021-06-02,-28.99,channel_11
2021-06-03,-29.16,channel_11
2021-06-04,-29.33,channel_11
2021-06-05,-29.25729,channel_11
2021-06-06,-29.18458,channel_11
2021-06-07,-29.11187,channel_11
2021-06-08,-29.03916,channel_11
2021-06-09,-28.89610666666666,channel_11
2021-06-10,-28.75305333333333,channel_11
2021-06-11,-28.61,channel_11
2021-06-12,-28.735,channel_11
2021-06-13,-28.86,channel_11
2021-06-14,-28.985,channel_11
2021-06-15,-29.11,channel_11
2021-06-16,-29.33962666666667,channel_11
2021-06-17,-29.56925333333333,channel_11
2021-06-18,-29.79888,channel_11
2021-06-19,-29.89332571428572,channel_11
2021-06-20,-29.98777142857143,channel_11
2021-06-21,-30.08221714285714,channel_11
2021-06-22,-30.17666285714286,channel_11
2021-06-23,-30.27110857142857,channel_11
2021-06-24,-30.36555428571429,channel_11
2021-06-25,-30.46,channel_11
2021-06-26,-30.2075,channel_11
2021-06-27,-29.955,channel_11
2021-06-28,-29.7025,channel_11
2021-06-29,-29.45,channel_11
2021-06-30,-29.02,channel_11
2021-07-01,-29.15,channel_11
2021-07-02,-29.28,channel_11
2021-07-03,-29.61,channel_11
2021-07-04,-30.41,channel_11
2021-07-05,-30.53,channel_11
2021-07-06,-30.65,channel_11
2021-07-07,-30.83,channel_11
2021-07-08,-30.67,channel_11
2021-07-09,-31.03,channel_11
2021-07-10,-30.97,channel_11
2021-07-11,-30.91,channel_11
2021-07-12,-31.325,channel_11
2021-07-13,-31.74,channel_11
2021-07-14,-31.88,channel_11
2021-07-15,-32.02,channel_11
2021-07-16,-32.9,channel_11
2021-07-17,-33.14,channel_11
2021-07-18,-32.57,channel_11
2021-07-19,-32.98,channel_11
2021-07-20,-33.39,channel_11
2021-07-21,-33.39125,channel_11
2021-07-22,-33.3925,channel_11
2021-07-23,-33.39375,channel_11
2021-07-24,-33.395,channel_11
2021-07-25,-33.39625,channel_11
2021-07-26,-33.3975,channel_11
2021-07-27,-33.39875,channel_11
2021-07-28,-33.4,channel_11
2021-07-29,-33.22499999999999,channel_11
2021-07-30,-33.05,channel_11
2021-07-31,-33.20999999999999,channel_11
2021-08-01,-33.37,channel_11
2021-08-02,-33.53,channel_11
2021-08-03,-33.69,channel_11
2021-08-04,-33.65,channel_11
2021-08-05,-33.61,channel_11
2021-08-06,-33.57,channel_11
2021-08-07,-33.6475,channel_11
2021-08-08,-33.725,channel_11
2021-08-09,-33.8025,channel_11
2021-08-10,-33.88,channel_11
2021-08-11,-33.97333333333334,channel_11
2021-08-12,-34.06666666666666,channel_11
2021-08-13,-34.16,channel_11
2021-08-14,-34.2375,channel_11
2021-08-15,-34.315,channel_11
2021-08-16,-34.3925,channel_11
2021-08-17,-34.47,channel_11
2021-08-18,-34.57333333333333,channel_11
2021-08-19,-34.67666666666667,channel_11
2021-08-20,-34.78,channel_11
2021-08-21,-34.9025,channel_11
2021-08-22,-35.02500000000001,channel_11
2021-08-23,-35.1475,channel_11
2021-08-24,-35.27,channel_11
2021-08-25,-35.10666666666667,channel_11
2021-08-26,-34.94333333333334,channel_11
2021-08-27,-34.78,channel_11
2021-08-28,-34.9075,channel_11
2021-08-29,-35.035,channel_11
2021-08-30,-35.1625,channel_11
2021-08-31,-35.29,channel_11
2021-09-01,-35.37,channel_11
2021-09-02,-35.45,channel_11
2021-09-03,-35.53,channel_11
2021-09-04,-35.44,channel_11
2021-09-05,-35.35,channel_11
2021-09-06,-35.26000000000001,channel_11
2021-09-07,-35.17,channel_11
2021-09-08,-35.11,channel_11
2021-09-09,-35.05,channel_11
2021-09-10,-34.99,channel_11
2021-09-11,-34.972,channel_11
2021-09-12,-34.954,channel_11
2021-09-13,-34.936,channel_11
2021-09-14,-34.918,channel_11
2021-09-15,-34.9,channel_11
2021-09-16,-35.03666666666667,channel_11
2021-09-17,-35.17333333333333,channel_11
2021-09-18,-35.31,channel_11
2021-09-19,-35.16333333333333,channel_11
2021-09-20,-35.01666666666667,channel_11
2021-09-21,-34.87,channel_11
2021-09-22,-34.92333333333333,channel_11
2021-09-23,-34.97666666666667,channel_11
2021-09-24,-35.03,channel_11
2021-09-25,-35.02,channel_11
2021-09-26,-35.01000000000001,channel_11
2021-09-27,-35.0,channel_11
2021-09-28,-34.99,channel_11
2021-09-29,-35.02,channel_11
2021-09-30,-35.05,channel_11
2021-10-01,-35.08000000000001,channel_11
2021-10-02,-35.11,channel_11
2021-10-03,-35.14,channel_11
2021-10-04,-35.17,channel_11
2021-10-05,-35.2,channel_11
2021-10-06,-35.08333333333334,channel_11
2021-10-07,-34.96666666666667,channel_11
2021-10-08,-34.85,channel_11
2021-10-09,-34.82250000000001,channel_11
2021-10-10,-34.795,channel_11
2021-10-11,-34.7675,channel_11
2021-10-12,-34.74,channel_11
2021-10-13,-34.74,channel_11
2021-10-14,-34.74,channel_11
2021-10-15,-34.74,channel_11
2021-10-16,-34.73428571428572,channel_11
2021-10-17,-34.72857142857143,channel_11
2021-10-18,-34.72285714285714,channel_11
2021-10-19,-34.71714285714286,channel_11
2021-10-20,-34.71142857142858,channel_11
2021-10-21,-34.70571428571429,channel_11
2021-10-22,-34.7,channel_11
2021-10-23,-34.7,channel_11
2021-10-24,-34.7,channel_11
2021-10-25,-34.7,channel_11
2021-10-26,-34.09,channel_11
2021-10-27,-34.74,channel_11
2021-10-28,-34.98,channel_11
2021-10-29,-35.95,channel_11
2021-10-30,-37.45,channel_11
2021-10-31,-39.02,channel_11
2021-11-01,-38.7,channel_11
2021-11-02,-38.18,channel_11
2021-11-03,-39.66,channel_11
2021-11-04,-40.48,channel_11
2021-11-05,-40.89,channel_11
2021-11-06,-40.33,channel_11
2021-11-07,-40.52,channel_11
2021-11-08,-41.19,channel_11
2021-11-09,-41.43,channel_11
2021-11-10,-42.41,channel_11
2021-11-11,-42.44,channel_11
2021-11-12,-42.04,channel_11
2021-11-13,-42.55,channel_11
2021-11-14,-43.06,channel_11
2021-11-15,-45.33,channel_11
2021-11-16,-45.96,channel_11
2021-11-17,-46.75,channel_11
2021-11-18,-46.53,channel_11
2021-11-19,-46.58,channel_11
2021-11-20,-48.2,channel_11
2021-11-21,-48.41,channel_11
2021-11-22,-48.38,channel_11
2021-11-23,-47.98,channel_11
2021-11-24,-47.85,channel_11
2021-11-25,-49.29,channel_11
2021-11-26,-48.89,channel_11
2021-11-27,-48.77142857142857,channel_11
2021-11-28,-48.65285714285714,channel_11
2021-11-29,-48.53428571428572,channel_11
2021-11-30,-48.41571428571429,channel_11
2021-12-01,-48.29714285714286,channel_11
2021-12-02,-48.17857142857143,channel_11
2021-12-03,-48.06,channel_11
2021-12-04,-48.0325,channel_11
2021-12-05,-48.005,channel_11
2021-12-06,-47.97750000000001,channel_11
2021-12-07,-47.95,channel_11
2021-12-08,-48.00666666666667,channel_11
2021-12-09,-48.06333333333333,channel_11
2021-12-10,-48.12,channel_11
2021-12-11,-48.58499999999999,channel_11
